
ZAI = [
666
0
];

NAMES = [
'lost            '
'total           '
];

iLOST    = 1;
iTOT     = 2;

MAT_fuel_VOLUME = [ 3.12079E+06 3.12079E+06 3.12079E+06 3.12079E+06 3.12079E+06 3.12079E+06 3.12079E+06 3.12079E+06 3.12079E+06 3.12079E+06 3.12079E+06 3.12079E+06 3.12079E+06 3.12079E+06 ];

MAT_fuel_BURNUP = [ 0.00000E+00 9.99998E-02 1.00000E+00 6.00001E+00 1.20000E+01 1.80000E+01 2.40001E+01 3.00001E+01 3.60001E+01 4.20001E+01 4.80001E+01 5.40002E+01 6.00002E+01 6.60002E+01 ];

MAT_fuel_ADENS = [
0.00000E+00 0.00000E+00 0.00000E+00 0.00000E+00 0.00000E+00 0.00000E+00 0.00000E+00 0.00000E+00 0.00000E+00 0.00000E+00 0.00000E+00 0.00000E+00 0.00000E+00 0.00000E+00 % lost data
6.33118E-02 6.33152E-02 6.33468E-02 6.35405E-02 6.37835E-02 6.40279E-02 6.42724E-02 6.45168E-02 6.47608E-02 6.50042E-02 6.52470E-02 6.54890E-02 6.57302E-02 6.59705E-02 % total
];

MAT_fuel_MDENS = [
0.00000E+00 0.00000E+00 0.00000E+00 0.00000E+00 0.00000E+00 0.00000E+00 0.00000E+00 0.00000E+00 0.00000E+00 0.00000E+00 0.00000E+00 0.00000E+00 0.00000E+00 0.00000E+00 % lost data
1.33200E+01 1.33200E+01 1.33199E+01 1.33197E+01 1.33194E+01 1.33190E+01 1.33187E+01 1.33184E+01 1.33181E+01 1.33178E+01 1.33175E+01 1.33172E+01 1.33169E+01 1.33166E+01 % total
];

MAT_fuel_A = [
0.00000E+00 0.00000E+00 0.00000E+00 0.00000E+00 0.00000E+00 0.00000E+00 0.00000E+00 0.00000E+00 0.00000E+00 0.00000E+00 0.00000E+00 0.00000E+00 0.00000E+00 0.00000E+00 % lost data
3.32952E+18 8.50892E+19 9.10809E+19 9.38577E+19 9.43463E+19 9.44919E+19 9.45179E+19 9.43881E+19 9.43011E+19 9.41550E+19 9.40029E+19 9.38660E+19 9.36972E+19 9.35886E+19 % total
];

MAT_fuel_H = [
0.00000E+00 0.00000E+00 0.00000E+00 0.00000E+00 0.00000E+00 0.00000E+00 0.00000E+00 0.00000E+00 0.00000E+00 0.00000E+00 0.00000E+00 0.00000E+00 0.00000E+00 0.00000E+00 % lost data
3.60675E+05 2.33734E+07 2.46973E+07 2.61992E+07 2.63999E+07 2.64187E+07 2.63993E+07 2.63482E+07 2.62979E+07 2.62359E+07 2.61698E+07 2.61007E+07 2.60295E+07 2.59592E+07 % total
];

MAT_fuel_SF = [
0.00000E+00 0.00000E+00 0.00000E+00 0.00000E+00 0.00000E+00 0.00000E+00 0.00000E+00 0.00000E+00 0.00000E+00 0.00000E+00 0.00000E+00 0.00000E+00 0.00000E+00 0.00000E+00 % lost data
1.29438E+09 7.21806E+09 5.56302E+10 1.47354E+11 1.59211E+11 1.60192E+11 1.60457E+11 1.59876E+11 1.59711E+11 1.59273E+11 1.58983E+11 1.58869E+11 1.58660E+11 1.59070E+11 % total
];

MAT_fuel_GSRC = [
0.00000E+00 0.00000E+00 0.00000E+00 0.00000E+00 0.00000E+00 0.00000E+00 0.00000E+00 0.00000E+00 0.00000E+00 0.00000E+00 0.00000E+00 0.00000E+00 0.00000E+00 0.00000E+00 % lost data
2.16760E+17 8.84150E+19 9.30976E+19 9.35168E+19 9.37631E+19 9.40641E+19 9.43089E+19 9.44031E+19 9.45311E+19 9.45805E+19 9.46088E+19 9.46413E+19 9.46250E+19 9.46578E+19 % total
];

MAT_fuel_ING_TOX = [
0.00000E+00 0.00000E+00 0.00000E+00 0.00000E+00 0.00000E+00 0.00000E+00 0.00000E+00 0.00000E+00 0.00000E+00 0.00000E+00 0.00000E+00 0.00000E+00 0.00000E+00 0.00000E+00 % lost data
9.87968E+10 1.27305E+11 1.47209E+11 1.71267E+11 1.79114E+11 1.83835E+11 1.87780E+11 1.91028E+11 1.93952E+11 1.96393E+11 1.98475E+11 2.00230E+11 2.01593E+11 2.02772E+11 % total
];

MAT_fuel_INH_TOX = [
0.00000E+00 0.00000E+00 0.00000E+00 0.00000E+00 0.00000E+00 0.00000E+00 0.00000E+00 0.00000E+00 0.00000E+00 0.00000E+00 0.00000E+00 0.00000E+00 0.00000E+00 0.00000E+00 % lost data
4.73584E+13 4.79885E+13 5.25443E+13 6.21848E+13 6.49843E+13 6.66479E+13 6.80720E+13 6.92318E+13 7.02513E+13 7.10671E+13 7.17247E+13 7.22355E+13 7.25778E+13 7.28316E+13 % total
];

TOT_VOLUME = [ 3.12079E+06 3.12079E+06 3.12079E+06 3.12079E+06 3.12079E+06 3.12079E+06 3.12079E+06 3.12079E+06 3.12079E+06 3.12079E+06 3.12079E+06 3.12079E+06 3.12079E+06 3.12079E+06 ];

TOT_BURNUP = [ 0.00000E+00 9.99998E-02 1.00000E+00 6.00001E+00 1.20000E+01 1.80000E+01 2.40001E+01 3.00001E+01 3.60001E+01 4.20001E+01 4.80001E+01 5.40002E+01 6.00002E+01 6.60002E+01 ];

TOT_ADENS = [
0.00000E+00 0.00000E+00 0.00000E+00 0.00000E+00 0.00000E+00 0.00000E+00 0.00000E+00 0.00000E+00 0.00000E+00 0.00000E+00 0.00000E+00 0.00000E+00 0.00000E+00 0.00000E+00 % lost data
6.33118E-02 6.33152E-02 6.33468E-02 6.35405E-02 6.37835E-02 6.40279E-02 6.42724E-02 6.45168E-02 6.47608E-02 6.50042E-02 6.52470E-02 6.54890E-02 6.57302E-02 6.59705E-02 % total
];

TOT_MASS = [
0.00000E+00 0.00000E+00 0.00000E+00 0.00000E+00 0.00000E+00 0.00000E+00 0.00000E+00 0.00000E+00 0.00000E+00 0.00000E+00 0.00000E+00 0.00000E+00 0.00000E+00 0.00000E+00 % lost data
4.15689E+07 4.15689E+07 4.15688E+07 4.15679E+07 4.15669E+07 4.15659E+07 4.15649E+07 4.15640E+07 4.15630E+07 4.15621E+07 4.15611E+07 4.15602E+07 4.15593E+07 4.15584E+07 % total
];

TOT_A = [
0.00000E+00 0.00000E+00 0.00000E+00 0.00000E+00 0.00000E+00 0.00000E+00 0.00000E+00 0.00000E+00 0.00000E+00 0.00000E+00 0.00000E+00 0.00000E+00 0.00000E+00 0.00000E+00 % lost data
3.32952E+18 8.50892E+19 9.10809E+19 9.38577E+19 9.43463E+19 9.44919E+19 9.45179E+19 9.43881E+19 9.43011E+19 9.41550E+19 9.40029E+19 9.38660E+19 9.36972E+19 9.35886E+19 % total
];

TOT_H = [
0.00000E+00 0.00000E+00 0.00000E+00 0.00000E+00 0.00000E+00 0.00000E+00 0.00000E+00 0.00000E+00 0.00000E+00 0.00000E+00 0.00000E+00 0.00000E+00 0.00000E+00 0.00000E+00 % lost data
3.60675E+05 2.33734E+07 2.46973E+07 2.61992E+07 2.63999E+07 2.64187E+07 2.63993E+07 2.63482E+07 2.62979E+07 2.62359E+07 2.61698E+07 2.61007E+07 2.60295E+07 2.59592E+07 % total
];

TOT_SF = [
0.00000E+00 0.00000E+00 0.00000E+00 0.00000E+00 0.00000E+00 0.00000E+00 0.00000E+00 0.00000E+00 0.00000E+00 0.00000E+00 0.00000E+00 0.00000E+00 0.00000E+00 0.00000E+00 % lost data
1.29438E+09 7.21806E+09 5.56302E+10 1.47354E+11 1.59211E+11 1.60192E+11 1.60457E+11 1.59876E+11 1.59711E+11 1.59273E+11 1.58983E+11 1.58869E+11 1.58660E+11 1.59070E+11 % total
];

TOT_GSRC = [
0.00000E+00 0.00000E+00 0.00000E+00 0.00000E+00 0.00000E+00 0.00000E+00 0.00000E+00 0.00000E+00 0.00000E+00 0.00000E+00 0.00000E+00 0.00000E+00 0.00000E+00 0.00000E+00 % lost data
2.16760E+17 8.84150E+19 9.30976E+19 9.35168E+19 9.37631E+19 9.40641E+19 9.43089E+19 9.44031E+19 9.45311E+19 9.45805E+19 9.46088E+19 9.46413E+19 9.46250E+19 9.46578E+19 % total
];

TOT_ING_TOX = [
0.00000E+00 0.00000E+00 0.00000E+00 0.00000E+00 0.00000E+00 0.00000E+00 0.00000E+00 0.00000E+00 0.00000E+00 0.00000E+00 0.00000E+00 0.00000E+00 0.00000E+00 0.00000E+00 % lost data
9.87968E+10 1.27305E+11 1.47209E+11 1.71267E+11 1.79114E+11 1.83835E+11 1.87780E+11 1.91028E+11 1.93952E+11 1.96393E+11 1.98475E+11 2.00230E+11 2.01593E+11 2.02772E+11 % total
];

TOT_INH_TOX = [
0.00000E+00 0.00000E+00 0.00000E+00 0.00000E+00 0.00000E+00 0.00000E+00 0.00000E+00 0.00000E+00 0.00000E+00 0.00000E+00 0.00000E+00 0.00000E+00 0.00000E+00 0.00000E+00 % lost data
4.73584E+13 4.79885E+13 5.25443E+13 6.21848E+13 6.49843E+13 6.66479E+13 6.80720E+13 6.92318E+13 7.02513E+13 7.10671E+13 7.17247E+13 7.22355E+13 7.25778E+13 7.28316E+13 % total
];

BU = [ 0.00000E+00 1.00000E-01 1.00000E+00 6.00000E+00 1.20000E+01 1.80000E+01 2.40000E+01 3.00000E+01 3.60000E+01 4.20000E+01 4.80000E+01 5.40000E+01 6.00000E+01 6.60000E+01 ];

DAYS = [ 0.00000E+00 9.77946E+00 9.77946E+01 5.86768E+02 1.17354E+03 1.76030E+03 2.34707E+03 2.93384E+03 3.52061E+03 4.10737E+03 4.69414E+03 5.28091E+03 5.86768E+03 6.45444E+03 ];
