
ZAI = [
666
0
];

NAMES = [
'lost            '
'total           '
];

iLOST    = 1;
iTOT     = 2;

MAT_fuel_VOLUME = [ 7.02800E+01 7.02800E+01 7.02800E+01 7.02800E+01 7.02800E+01 7.02800E+01 7.02800E+01 7.02800E+01 7.02800E+01 7.02800E+01 7.02800E+01 7.02800E+01 7.02800E+01 7.02800E+01 ];

MAT_fuel_BURNUP = [ 0.00000E+00 1.00001E-01 9.99977E-01 6.00027E+00 1.20003E+01 1.80005E+01 2.40006E+01 3.00006E+01 3.60007E+01 4.20007E+01 4.80009E+01 5.40008E+01 6.00009E+01 6.60009E+01 ];

MAT_fuel_ADENS = [
0.00000E+00 0.00000E+00 0.00000E+00 0.00000E+00 0.00000E+00 0.00000E+00 0.00000E+00 0.00000E+00 0.00000E+00 0.00000E+00 0.00000E+00 0.00000E+00 0.00000E+00 0.00000E+00 % lost data
6.41825E-02 6.41860E-02 6.42192E-02 6.44292E-02 6.46898E-02 6.49496E-02 6.52080E-02 6.54649E-02 6.57202E-02 6.59740E-02 6.62262E-02 6.64767E-02 6.67256E-02 6.69729E-02 % total
];

MAT_fuel_MDENS = [
0.00000E+00 0.00000E+00 0.00000E+00 0.00000E+00 0.00000E+00 0.00000E+00 0.00000E+00 0.00000E+00 0.00000E+00 0.00000E+00 0.00000E+00 0.00000E+00 0.00000E+00 0.00000E+00 % lost data
1.35000E+01 1.35000E+01 1.35000E+01 1.34998E+01 1.34995E+01 1.34993E+01 1.34990E+01 1.34988E+01 1.34985E+01 1.34983E+01 1.34980E+01 1.34978E+01 1.34975E+01 1.34972E+01 % total
];

MAT_fuel_A = [
0.00000E+00 0.00000E+00 0.00000E+00 0.00000E+00 0.00000E+00 0.00000E+00 0.00000E+00 0.00000E+00 0.00000E+00 0.00000E+00 0.00000E+00 0.00000E+00 0.00000E+00 0.00000E+00 % lost data
5.96110E+13 1.55235E+15 1.64870E+15 1.71213E+15 1.70065E+15 1.69000E+15 1.67927E+15 1.66828E+15 1.65756E+15 1.64875E+15 1.63939E+15 1.63085E+15 1.62295E+15 1.61524E+15 % total
];

MAT_fuel_H = [
0.00000E+00 0.00000E+00 0.00000E+00 0.00000E+00 0.00000E+00 0.00000E+00 0.00000E+00 0.00000E+00 0.00000E+00 0.00000E+00 0.00000E+00 0.00000E+00 0.00000E+00 0.00000E+00 % lost data
7.51606E+00 4.06302E+02 4.35453E+02 4.67625E+02 4.66389E+02 4.63630E+02 4.60620E+02 4.57707E+02 4.54816E+02 4.52064E+02 4.49451E+02 4.46798E+02 4.44498E+02 4.42081E+02 % total
];

MAT_fuel_SF = [
0.00000E+00 0.00000E+00 0.00000E+00 0.00000E+00 0.00000E+00 0.00000E+00 0.00000E+00 0.00000E+00 0.00000E+00 0.00000E+00 0.00000E+00 0.00000E+00 0.00000E+00 0.00000E+00 % lost data
2.26622E+04 1.96646E+05 1.45677E+06 3.27098E+06 3.26037E+06 3.18674E+06 3.12377E+06 3.05426E+06 2.99582E+06 2.95666E+06 2.91425E+06 2.87908E+06 2.85346E+06 2.82968E+06 % total
];

MAT_fuel_GSRC = [
0.00000E+00 0.00000E+00 0.00000E+00 0.00000E+00 0.00000E+00 0.00000E+00 0.00000E+00 0.00000E+00 0.00000E+00 0.00000E+00 0.00000E+00 0.00000E+00 0.00000E+00 0.00000E+00 % lost data
4.85446E+12 1.62136E+15 1.68173E+15 1.70604E+15 1.69493E+15 1.68958E+15 1.68413E+15 1.67804E+15 1.67143E+15 1.66629E+15 1.66009E+15 1.65446E+15 1.64891E+15 1.64345E+15 % total
];

MAT_fuel_ING_TOX = [
0.00000E+00 0.00000E+00 0.00000E+00 0.00000E+00 0.00000E+00 0.00000E+00 0.00000E+00 0.00000E+00 0.00000E+00 0.00000E+00 0.00000E+00 0.00000E+00 0.00000E+00 0.00000E+00 % lost data
1.99629E+06 2.56404E+06 2.96062E+06 3.47521E+06 3.61233E+06 3.71171E+06 3.79511E+06 3.86117E+06 3.91510E+06 3.96076E+06 3.99360E+06 4.01712E+06 4.03276E+06 4.03976E+06 % total
];

MAT_fuel_INH_TOX = [
0.00000E+00 0.00000E+00 0.00000E+00 0.00000E+00 0.00000E+00 0.00000E+00 0.00000E+00 0.00000E+00 0.00000E+00 0.00000E+00 0.00000E+00 0.00000E+00 0.00000E+00 0.00000E+00 % lost data
9.57096E+08 9.75028E+08 1.09495E+09 1.30515E+09 1.35699E+09 1.39553E+09 1.42781E+09 1.45260E+09 1.47200E+09 1.48755E+09 1.49750E+09 1.50321E+09 1.50547E+09 1.50384E+09 % total
];

TOT_VOLUME = [ 7.02800E+01 7.02800E+01 7.02800E+01 7.02800E+01 7.02800E+01 7.02800E+01 7.02800E+01 7.02800E+01 7.02800E+01 7.02800E+01 7.02800E+01 7.02800E+01 7.02800E+01 7.02800E+01 ];

TOT_BURNUP = [ 0.00000E+00 1.00001E-01 9.99977E-01 6.00027E+00 1.20003E+01 1.80005E+01 2.40006E+01 3.00006E+01 3.60007E+01 4.20007E+01 4.80009E+01 5.40008E+01 6.00009E+01 6.60009E+01 ];

TOT_ADENS = [
0.00000E+00 0.00000E+00 0.00000E+00 0.00000E+00 0.00000E+00 0.00000E+00 0.00000E+00 0.00000E+00 0.00000E+00 0.00000E+00 0.00000E+00 0.00000E+00 0.00000E+00 0.00000E+00 % lost data
6.41825E-02 6.41860E-02 6.42192E-02 6.44292E-02 6.46898E-02 6.49496E-02 6.52080E-02 6.54649E-02 6.57202E-02 6.59740E-02 6.62262E-02 6.64767E-02 6.67256E-02 6.69729E-02 % total
];

TOT_MASS = [
0.00000E+00 0.00000E+00 0.00000E+00 0.00000E+00 0.00000E+00 0.00000E+00 0.00000E+00 0.00000E+00 0.00000E+00 0.00000E+00 0.00000E+00 0.00000E+00 0.00000E+00 0.00000E+00 % lost data
9.48780E+02 9.48780E+02 9.48777E+02 9.48763E+02 9.48746E+02 9.48729E+02 9.48712E+02 9.48694E+02 9.48677E+02 9.48659E+02 9.48641E+02 9.48623E+02 9.48604E+02 9.48586E+02 % total
];

TOT_A = [
0.00000E+00 0.00000E+00 0.00000E+00 0.00000E+00 0.00000E+00 0.00000E+00 0.00000E+00 0.00000E+00 0.00000E+00 0.00000E+00 0.00000E+00 0.00000E+00 0.00000E+00 0.00000E+00 % lost data
5.96110E+13 1.55235E+15 1.64870E+15 1.71213E+15 1.70065E+15 1.69000E+15 1.67927E+15 1.66828E+15 1.65756E+15 1.64875E+15 1.63939E+15 1.63085E+15 1.62295E+15 1.61524E+15 % total
];

TOT_H = [
0.00000E+00 0.00000E+00 0.00000E+00 0.00000E+00 0.00000E+00 0.00000E+00 0.00000E+00 0.00000E+00 0.00000E+00 0.00000E+00 0.00000E+00 0.00000E+00 0.00000E+00 0.00000E+00 % lost data
7.51606E+00 4.06302E+02 4.35453E+02 4.67625E+02 4.66389E+02 4.63630E+02 4.60620E+02 4.57707E+02 4.54816E+02 4.52064E+02 4.49451E+02 4.46798E+02 4.44498E+02 4.42081E+02 % total
];

TOT_SF = [
0.00000E+00 0.00000E+00 0.00000E+00 0.00000E+00 0.00000E+00 0.00000E+00 0.00000E+00 0.00000E+00 0.00000E+00 0.00000E+00 0.00000E+00 0.00000E+00 0.00000E+00 0.00000E+00 % lost data
2.26622E+04 1.96646E+05 1.45677E+06 3.27098E+06 3.26037E+06 3.18674E+06 3.12377E+06 3.05426E+06 2.99582E+06 2.95666E+06 2.91425E+06 2.87908E+06 2.85346E+06 2.82968E+06 % total
];

TOT_GSRC = [
0.00000E+00 0.00000E+00 0.00000E+00 0.00000E+00 0.00000E+00 0.00000E+00 0.00000E+00 0.00000E+00 0.00000E+00 0.00000E+00 0.00000E+00 0.00000E+00 0.00000E+00 0.00000E+00 % lost data
4.85446E+12 1.62136E+15 1.68173E+15 1.70604E+15 1.69493E+15 1.68958E+15 1.68413E+15 1.67804E+15 1.67143E+15 1.66629E+15 1.66009E+15 1.65446E+15 1.64891E+15 1.64345E+15 % total
];

TOT_ING_TOX = [
0.00000E+00 0.00000E+00 0.00000E+00 0.00000E+00 0.00000E+00 0.00000E+00 0.00000E+00 0.00000E+00 0.00000E+00 0.00000E+00 0.00000E+00 0.00000E+00 0.00000E+00 0.00000E+00 % lost data
1.99629E+06 2.56404E+06 2.96062E+06 3.47521E+06 3.61233E+06 3.71171E+06 3.79511E+06 3.86117E+06 3.91510E+06 3.96076E+06 3.99360E+06 4.01712E+06 4.03276E+06 4.03976E+06 % total
];

TOT_INH_TOX = [
0.00000E+00 0.00000E+00 0.00000E+00 0.00000E+00 0.00000E+00 0.00000E+00 0.00000E+00 0.00000E+00 0.00000E+00 0.00000E+00 0.00000E+00 0.00000E+00 0.00000E+00 0.00000E+00 % lost data
9.57096E+08 9.75028E+08 1.09495E+09 1.30515E+09 1.35699E+09 1.39553E+09 1.42781E+09 1.45260E+09 1.47200E+09 1.48755E+09 1.49750E+09 1.50321E+09 1.50547E+09 1.50384E+09 % total
];

BU = [ 0.00000E+00 1.00000E-01 1.00000E+00 6.00000E+00 1.20000E+01 1.80000E+01 2.40000E+01 3.00000E+01 3.60000E+01 4.20000E+01 4.80000E+01 5.40000E+01 6.00000E+01 6.60000E+01 ];

DAYS = [ 0.00000E+00 1.33814E+01 1.33814E+02 8.02884E+02 1.60577E+03 2.40865E+03 3.21154E+03 4.01442E+03 4.81730E+03 5.62019E+03 6.42307E+03 7.22595E+03 8.02884E+03 8.83172E+03 ];
