
ZAI = [
666
0
];

NAMES = [
'lost            '
'total           '
];

iLOST    = 1;
iTOT     = 2;

MAT_fuel_VOLUME = [ 3.12079E+06 3.12079E+06 3.12079E+06 3.12079E+06 3.12079E+06 3.12079E+06 3.12079E+06 3.12079E+06 3.12079E+06 3.12079E+06 3.12079E+06 3.12079E+06 3.12079E+06 3.12079E+06 ];

MAT_fuel_BURNUP = [ 0.00000E+00 1.00001E-01 1.00000E+00 6.00001E+00 1.20000E+01 1.80000E+01 2.40001E+01 3.00000E+01 3.60000E+01 4.20000E+01 4.80000E+01 5.40000E+01 6.00001E+01 6.60001E+01 ];

MAT_fuel_ADENS = [
0.00000E+00 0.00000E+00 0.00000E+00 0.00000E+00 0.00000E+00 0.00000E+00 0.00000E+00 0.00000E+00 0.00000E+00 0.00000E+00 0.00000E+00 0.00000E+00 0.00000E+00 0.00000E+00 % lost data
6.33203E-02 6.33237E-02 6.33555E-02 6.35531E-02 6.38019E-02 6.40515E-02 6.43003E-02 6.45482E-02 6.47951E-02 6.50408E-02 6.52853E-02 6.55285E-02 6.57704E-02 6.60111E-02 % total
];

MAT_fuel_MDENS = [
0.00000E+00 0.00000E+00 0.00000E+00 0.00000E+00 0.00000E+00 0.00000E+00 0.00000E+00 0.00000E+00 0.00000E+00 0.00000E+00 0.00000E+00 0.00000E+00 0.00000E+00 0.00000E+00 % lost data
1.33200E+01 1.33200E+01 1.33200E+01 1.33197E+01 1.33195E+01 1.33192E+01 1.33189E+01 1.33186E+01 1.33184E+01 1.33181E+01 1.33178E+01 1.33176E+01 1.33173E+01 1.33170E+01 % total
];

MAT_fuel_A = [
0.00000E+00 0.00000E+00 0.00000E+00 0.00000E+00 0.00000E+00 0.00000E+00 0.00000E+00 0.00000E+00 0.00000E+00 0.00000E+00 0.00000E+00 0.00000E+00 0.00000E+00 0.00000E+00 % lost data
2.91940E+18 8.83395E+19 9.45352E+19 9.77519E+19 9.81511E+19 9.79812E+19 9.76885E+19 9.73602E+19 9.69822E+19 9.66472E+19 9.63084E+19 9.59904E+19 9.56199E+19 9.53257E+19 % total
];

MAT_fuel_H = [
0.00000E+00 0.00000E+00 0.00000E+00 0.00000E+00 0.00000E+00 0.00000E+00 0.00000E+00 0.00000E+00 0.00000E+00 0.00000E+00 0.00000E+00 0.00000E+00 0.00000E+00 0.00000E+00 % lost data
3.42749E+05 2.37325E+07 2.51959E+07 2.69853E+07 2.71734E+07 2.71028E+07 2.69965E+07 2.68830E+07 2.67585E+07 2.66424E+07 2.65209E+07 2.64060E+07 2.62824E+07 2.61741E+07 % total
];

MAT_fuel_SF = [
0.00000E+00 0.00000E+00 0.00000E+00 0.00000E+00 0.00000E+00 0.00000E+00 0.00000E+00 0.00000E+00 0.00000E+00 0.00000E+00 0.00000E+00 0.00000E+00 0.00000E+00 0.00000E+00 % lost data
1.12212E+09 7.94070E+09 6.34566E+10 1.67237E+11 1.78284E+11 1.76412E+11 1.73650E+11 1.71122E+11 1.68593E+11 1.66435E+11 1.64572E+11 1.63044E+11 1.61519E+11 1.60609E+11 % total
];

MAT_fuel_GSRC = [
0.00000E+00 0.00000E+00 0.00000E+00 0.00000E+00 0.00000E+00 0.00000E+00 0.00000E+00 0.00000E+00 0.00000E+00 0.00000E+00 0.00000E+00 0.00000E+00 0.00000E+00 0.00000E+00 % lost data
2.14434E+17 9.24606E+19 9.73048E+19 9.79858E+19 9.81334E+19 9.81267E+19 9.80646E+19 9.79623E+19 9.77970E+19 9.76596E+19 9.75020E+19 9.73462E+19 9.71215E+19 9.69590E+19 % total
];

MAT_fuel_ING_TOX = [
0.00000E+00 0.00000E+00 0.00000E+00 0.00000E+00 0.00000E+00 0.00000E+00 0.00000E+00 0.00000E+00 0.00000E+00 0.00000E+00 0.00000E+00 0.00000E+00 0.00000E+00 0.00000E+00 % lost data
9.23212E+10 1.22331E+11 1.43713E+11 1.70778E+11 1.79198E+11 1.83859E+11 1.87531E+11 1.90625E+11 1.93158E+11 1.95277E+11 1.96988E+11 1.98337E+11 1.99260E+11 1.99957E+11 % total
];

MAT_fuel_INH_TOX = [
0.00000E+00 0.00000E+00 0.00000E+00 0.00000E+00 0.00000E+00 0.00000E+00 0.00000E+00 0.00000E+00 0.00000E+00 0.00000E+00 0.00000E+00 0.00000E+00 0.00000E+00 0.00000E+00 % lost data
4.42587E+13 4.49851E+13 5.02315E+13 6.12763E+13 6.43456E+13 6.60093E+13 6.73355E+13 6.84385E+13 6.93051E+13 6.99859E+13 7.04870E+13 7.08270E+13 7.09845E+13 7.10360E+13 % total
];

TOT_VOLUME = [ 3.12079E+06 3.12079E+06 3.12079E+06 3.12079E+06 3.12079E+06 3.12079E+06 3.12079E+06 3.12079E+06 3.12079E+06 3.12079E+06 3.12079E+06 3.12079E+06 3.12079E+06 3.12079E+06 ];

TOT_BURNUP = [ 0.00000E+00 1.00001E-01 1.00000E+00 6.00001E+00 1.20000E+01 1.80000E+01 2.40001E+01 3.00000E+01 3.60000E+01 4.20000E+01 4.80000E+01 5.40000E+01 6.00001E+01 6.60001E+01 ];

TOT_ADENS = [
0.00000E+00 0.00000E+00 0.00000E+00 0.00000E+00 0.00000E+00 0.00000E+00 0.00000E+00 0.00000E+00 0.00000E+00 0.00000E+00 0.00000E+00 0.00000E+00 0.00000E+00 0.00000E+00 % lost data
6.33203E-02 6.33237E-02 6.33555E-02 6.35531E-02 6.38019E-02 6.40515E-02 6.43003E-02 6.45482E-02 6.47951E-02 6.50408E-02 6.52853E-02 6.55285E-02 6.57704E-02 6.60111E-02 % total
];

TOT_MASS = [
0.00000E+00 0.00000E+00 0.00000E+00 0.00000E+00 0.00000E+00 0.00000E+00 0.00000E+00 0.00000E+00 0.00000E+00 0.00000E+00 0.00000E+00 0.00000E+00 0.00000E+00 0.00000E+00 % lost data
4.15689E+07 4.15689E+07 4.15688E+07 4.15681E+07 4.15672E+07 4.15664E+07 4.15655E+07 4.15647E+07 4.15638E+07 4.15630E+07 4.15621E+07 4.15613E+07 4.15604E+07 4.15596E+07 % total
];

TOT_A = [
0.00000E+00 0.00000E+00 0.00000E+00 0.00000E+00 0.00000E+00 0.00000E+00 0.00000E+00 0.00000E+00 0.00000E+00 0.00000E+00 0.00000E+00 0.00000E+00 0.00000E+00 0.00000E+00 % lost data
2.91940E+18 8.83395E+19 9.45352E+19 9.77519E+19 9.81511E+19 9.79812E+19 9.76885E+19 9.73602E+19 9.69822E+19 9.66472E+19 9.63084E+19 9.59904E+19 9.56199E+19 9.53257E+19 % total
];

TOT_H = [
0.00000E+00 0.00000E+00 0.00000E+00 0.00000E+00 0.00000E+00 0.00000E+00 0.00000E+00 0.00000E+00 0.00000E+00 0.00000E+00 0.00000E+00 0.00000E+00 0.00000E+00 0.00000E+00 % lost data
3.42749E+05 2.37325E+07 2.51959E+07 2.69853E+07 2.71734E+07 2.71028E+07 2.69965E+07 2.68830E+07 2.67585E+07 2.66424E+07 2.65209E+07 2.64060E+07 2.62824E+07 2.61741E+07 % total
];

TOT_SF = [
0.00000E+00 0.00000E+00 0.00000E+00 0.00000E+00 0.00000E+00 0.00000E+00 0.00000E+00 0.00000E+00 0.00000E+00 0.00000E+00 0.00000E+00 0.00000E+00 0.00000E+00 0.00000E+00 % lost data
1.12212E+09 7.94070E+09 6.34566E+10 1.67237E+11 1.78284E+11 1.76412E+11 1.73650E+11 1.71122E+11 1.68593E+11 1.66435E+11 1.64572E+11 1.63044E+11 1.61519E+11 1.60609E+11 % total
];

TOT_GSRC = [
0.00000E+00 0.00000E+00 0.00000E+00 0.00000E+00 0.00000E+00 0.00000E+00 0.00000E+00 0.00000E+00 0.00000E+00 0.00000E+00 0.00000E+00 0.00000E+00 0.00000E+00 0.00000E+00 % lost data
2.14434E+17 9.24606E+19 9.73048E+19 9.79858E+19 9.81334E+19 9.81267E+19 9.80646E+19 9.79623E+19 9.77970E+19 9.76596E+19 9.75020E+19 9.73462E+19 9.71215E+19 9.69590E+19 % total
];

TOT_ING_TOX = [
0.00000E+00 0.00000E+00 0.00000E+00 0.00000E+00 0.00000E+00 0.00000E+00 0.00000E+00 0.00000E+00 0.00000E+00 0.00000E+00 0.00000E+00 0.00000E+00 0.00000E+00 0.00000E+00 % lost data
9.23212E+10 1.22331E+11 1.43713E+11 1.70778E+11 1.79198E+11 1.83859E+11 1.87531E+11 1.90625E+11 1.93158E+11 1.95277E+11 1.96988E+11 1.98337E+11 1.99260E+11 1.99957E+11 % total
];

TOT_INH_TOX = [
0.00000E+00 0.00000E+00 0.00000E+00 0.00000E+00 0.00000E+00 0.00000E+00 0.00000E+00 0.00000E+00 0.00000E+00 0.00000E+00 0.00000E+00 0.00000E+00 0.00000E+00 0.00000E+00 % lost data
4.42587E+13 4.49851E+13 5.02315E+13 6.12763E+13 6.43456E+13 6.60093E+13 6.73355E+13 6.84385E+13 6.93051E+13 6.99859E+13 7.04870E+13 7.08270E+13 7.09845E+13 7.10360E+13 % total
];

BU = [ 0.00000E+00 1.00000E-01 1.00000E+00 6.00000E+00 1.20000E+01 1.80000E+01 2.40000E+01 3.00000E+01 3.60000E+01 4.20000E+01 4.80000E+01 5.40000E+01 6.00000E+01 6.60000E+01 ];

DAYS = [ 0.00000E+00 9.77938E+00 9.77938E+01 5.86763E+02 1.17353E+03 1.76029E+03 2.34705E+03 2.93381E+03 3.52058E+03 4.10734E+03 4.69410E+03 5.28086E+03 5.86763E+03 6.45439E+03 ];
