
ZAI = [
666
0
];

NAMES = [
'lost            '
'total           '
];

iLOST    = 1;
iTOT     = 2;

MAT_fuel_VOLUME = [ 7.02800E+01 7.02800E+01 7.02800E+01 7.02800E+01 7.02800E+01 7.02800E+01 7.02800E+01 7.02800E+01 7.02800E+01 7.02800E+01 7.02800E+01 7.02800E+01 7.02800E+01 7.02800E+01 ];

MAT_fuel_BURNUP = [ 0.00000E+00 1.00001E-01 1.00008E+00 5.99990E+00 1.20000E+01 1.79999E+01 2.39998E+01 2.99998E+01 3.59999E+01 4.19998E+01 4.79999E+01 5.40000E+01 6.00000E+01 6.59999E+01 ];

MAT_fuel_ADENS = [
0.00000E+00 0.00000E+00 0.00000E+00 0.00000E+00 0.00000E+00 0.00000E+00 0.00000E+00 0.00000E+00 0.00000E+00 0.00000E+00 0.00000E+00 0.00000E+00 0.00000E+00 0.00000E+00 % lost data
6.41810E-02 6.41845E-02 6.42177E-02 6.44263E-02 6.46857E-02 6.49447E-02 6.52026E-02 6.54590E-02 6.57141E-02 6.59678E-02 6.62199E-02 6.64703E-02 6.67193E-02 6.69668E-02 % total
];

MAT_fuel_MDENS = [
0.00000E+00 0.00000E+00 0.00000E+00 0.00000E+00 0.00000E+00 0.00000E+00 0.00000E+00 0.00000E+00 0.00000E+00 0.00000E+00 0.00000E+00 0.00000E+00 0.00000E+00 0.00000E+00 % lost data
1.35000E+01 1.35000E+01 1.35000E+01 1.34997E+01 1.34995E+01 1.34992E+01 1.34990E+01 1.34987E+01 1.34985E+01 1.34982E+01 1.34979E+01 1.34977E+01 1.34974E+01 1.34972E+01 % total
];

MAT_fuel_A = [
0.00000E+00 0.00000E+00 0.00000E+00 0.00000E+00 0.00000E+00 0.00000E+00 0.00000E+00 0.00000E+00 0.00000E+00 0.00000E+00 0.00000E+00 0.00000E+00 0.00000E+00 0.00000E+00 % lost data
6.12497E+13 1.53904E+15 1.64803E+15 1.68679E+15 1.69005E+15 1.67952E+15 1.67099E+15 1.65829E+15 1.65065E+15 1.64287E+15 1.63284E+15 1.62459E+15 1.61806E+15 1.61220E+15 % total
];

MAT_fuel_H = [
0.00000E+00 0.00000E+00 0.00000E+00 0.00000E+00 0.00000E+00 0.00000E+00 0.00000E+00 0.00000E+00 0.00000E+00 0.00000E+00 0.00000E+00 0.00000E+00 0.00000E+00 0.00000E+00 % lost data
7.58769E+00 4.04831E+02 4.34383E+02 4.63681E+02 4.64284E+02 4.61672E+02 4.59268E+02 4.56060E+02 4.53852E+02 4.51307E+02 4.48672E+02 4.46218E+02 4.43961E+02 4.41854E+02 % total
];

MAT_fuel_SF = [
0.00000E+00 0.00000E+00 0.00000E+00 0.00000E+00 0.00000E+00 0.00000E+00 0.00000E+00 0.00000E+00 0.00000E+00 0.00000E+00 0.00000E+00 0.00000E+00 0.00000E+00 0.00000E+00 % lost data
2.33505E+04 1.92099E+05 1.47054E+06 3.12293E+06 3.20502E+06 3.14133E+06 3.08979E+06 3.02134E+06 2.97869E+06 2.94901E+06 2.90186E+06 2.87016E+06 2.84955E+06 2.84169E+06 % total
];

MAT_fuel_GSRC = [
0.00000E+00 0.00000E+00 0.00000E+00 0.00000E+00 0.00000E+00 0.00000E+00 0.00000E+00 0.00000E+00 0.00000E+00 0.00000E+00 0.00000E+00 0.00000E+00 0.00000E+00 0.00000E+00 % lost data
4.86376E+12 1.60478E+15 1.67866E+15 1.67766E+15 1.68226E+15 1.67691E+15 1.67378E+15 1.66576E+15 1.66235E+15 1.65837E+15 1.65145E+15 1.64610E+15 1.64227E+15 1.63861E+15 % total
];

MAT_fuel_ING_TOX = [
0.00000E+00 0.00000E+00 0.00000E+00 0.00000E+00 0.00000E+00 0.00000E+00 0.00000E+00 0.00000E+00 0.00000E+00 0.00000E+00 0.00000E+00 0.00000E+00 0.00000E+00 0.00000E+00 % lost data
2.02216E+06 2.58340E+06 2.98846E+06 3.45760E+06 3.61467E+06 3.71386E+06 3.79908E+06 3.86398E+06 3.92193E+06 3.97033E+06 4.00217E+06 4.02699E+06 4.04490E+06 4.05675E+06 % total
];

MAT_fuel_INH_TOX = [
0.00000E+00 0.00000E+00 0.00000E+00 0.00000E+00 0.00000E+00 0.00000E+00 0.00000E+00 0.00000E+00 0.00000E+00 0.00000E+00 0.00000E+00 0.00000E+00 0.00000E+00 0.00000E+00 % lost data
9.69482E+08 9.86869E+08 1.10858E+09 1.30120E+09 1.36000E+09 1.39854E+09 1.43144E+09 1.45593E+09 1.47683E+09 1.49352E+09 1.50322E+09 1.50949E+09 1.51250E+09 1.51287E+09 % total
];

TOT_VOLUME = [ 7.02800E+01 7.02800E+01 7.02800E+01 7.02800E+01 7.02800E+01 7.02800E+01 7.02800E+01 7.02800E+01 7.02800E+01 7.02800E+01 7.02800E+01 7.02800E+01 7.02800E+01 7.02800E+01 ];

TOT_BURNUP = [ 0.00000E+00 1.00001E-01 1.00008E+00 5.99990E+00 1.20000E+01 1.79999E+01 2.39998E+01 2.99998E+01 3.59999E+01 4.19998E+01 4.79999E+01 5.40000E+01 6.00000E+01 6.59999E+01 ];

TOT_ADENS = [
0.00000E+00 0.00000E+00 0.00000E+00 0.00000E+00 0.00000E+00 0.00000E+00 0.00000E+00 0.00000E+00 0.00000E+00 0.00000E+00 0.00000E+00 0.00000E+00 0.00000E+00 0.00000E+00 % lost data
6.41810E-02 6.41845E-02 6.42177E-02 6.44263E-02 6.46857E-02 6.49447E-02 6.52026E-02 6.54590E-02 6.57141E-02 6.59678E-02 6.62199E-02 6.64703E-02 6.67193E-02 6.69668E-02 % total
];

TOT_MASS = [
0.00000E+00 0.00000E+00 0.00000E+00 0.00000E+00 0.00000E+00 0.00000E+00 0.00000E+00 0.00000E+00 0.00000E+00 0.00000E+00 0.00000E+00 0.00000E+00 0.00000E+00 0.00000E+00 % lost data
9.48780E+02 9.48780E+02 9.48777E+02 9.48762E+02 9.48744E+02 9.48726E+02 9.48709E+02 9.48690E+02 9.48672E+02 9.48654E+02 9.48636E+02 9.48617E+02 9.48599E+02 9.48580E+02 % total
];

TOT_A = [
0.00000E+00 0.00000E+00 0.00000E+00 0.00000E+00 0.00000E+00 0.00000E+00 0.00000E+00 0.00000E+00 0.00000E+00 0.00000E+00 0.00000E+00 0.00000E+00 0.00000E+00 0.00000E+00 % lost data
6.12497E+13 1.53904E+15 1.64803E+15 1.68679E+15 1.69005E+15 1.67952E+15 1.67099E+15 1.65829E+15 1.65065E+15 1.64287E+15 1.63284E+15 1.62459E+15 1.61806E+15 1.61220E+15 % total
];

TOT_H = [
0.00000E+00 0.00000E+00 0.00000E+00 0.00000E+00 0.00000E+00 0.00000E+00 0.00000E+00 0.00000E+00 0.00000E+00 0.00000E+00 0.00000E+00 0.00000E+00 0.00000E+00 0.00000E+00 % lost data
7.58769E+00 4.04831E+02 4.34383E+02 4.63681E+02 4.64284E+02 4.61672E+02 4.59268E+02 4.56060E+02 4.53852E+02 4.51307E+02 4.48672E+02 4.46218E+02 4.43961E+02 4.41854E+02 % total
];

TOT_SF = [
0.00000E+00 0.00000E+00 0.00000E+00 0.00000E+00 0.00000E+00 0.00000E+00 0.00000E+00 0.00000E+00 0.00000E+00 0.00000E+00 0.00000E+00 0.00000E+00 0.00000E+00 0.00000E+00 % lost data
2.33505E+04 1.92099E+05 1.47054E+06 3.12293E+06 3.20502E+06 3.14133E+06 3.08979E+06 3.02134E+06 2.97869E+06 2.94901E+06 2.90186E+06 2.87016E+06 2.84955E+06 2.84169E+06 % total
];

TOT_GSRC = [
0.00000E+00 0.00000E+00 0.00000E+00 0.00000E+00 0.00000E+00 0.00000E+00 0.00000E+00 0.00000E+00 0.00000E+00 0.00000E+00 0.00000E+00 0.00000E+00 0.00000E+00 0.00000E+00 % lost data
4.86376E+12 1.60478E+15 1.67866E+15 1.67766E+15 1.68226E+15 1.67691E+15 1.67378E+15 1.66576E+15 1.66235E+15 1.65837E+15 1.65145E+15 1.64610E+15 1.64227E+15 1.63861E+15 % total
];

TOT_ING_TOX = [
0.00000E+00 0.00000E+00 0.00000E+00 0.00000E+00 0.00000E+00 0.00000E+00 0.00000E+00 0.00000E+00 0.00000E+00 0.00000E+00 0.00000E+00 0.00000E+00 0.00000E+00 0.00000E+00 % lost data
2.02216E+06 2.58340E+06 2.98846E+06 3.45760E+06 3.61467E+06 3.71386E+06 3.79908E+06 3.86398E+06 3.92193E+06 3.97033E+06 4.00217E+06 4.02699E+06 4.04490E+06 4.05675E+06 % total
];

TOT_INH_TOX = [
0.00000E+00 0.00000E+00 0.00000E+00 0.00000E+00 0.00000E+00 0.00000E+00 0.00000E+00 0.00000E+00 0.00000E+00 0.00000E+00 0.00000E+00 0.00000E+00 0.00000E+00 0.00000E+00 % lost data
9.69482E+08 9.86869E+08 1.10858E+09 1.30120E+09 1.36000E+09 1.39854E+09 1.43144E+09 1.45593E+09 1.47683E+09 1.49352E+09 1.50322E+09 1.50949E+09 1.51250E+09 1.51287E+09 % total
];

BU = [ 0.00000E+00 1.00000E-01 1.00000E+00 6.00000E+00 1.20000E+01 1.80000E+01 2.40000E+01 3.00000E+01 3.60000E+01 4.20000E+01 4.80000E+01 5.40000E+01 6.00000E+01 6.60000E+01 ];

DAYS = [ 0.00000E+00 1.33814E+01 1.33814E+02 8.02885E+02 1.60577E+03 2.40865E+03 3.21154E+03 4.01442E+03 4.81731E+03 5.62019E+03 6.42308E+03 7.22596E+03 8.02885E+03 8.83173E+03 ];
