
ZAI = [
666
0
];

NAMES = [
'lost            '
'total           '
];

iLOST    = 1;
iTOT     = 2;

MAT_fuel_VOLUME = [ 7.02800E+01 7.02800E+01 7.02800E+01 7.02800E+01 7.02800E+01 7.02800E+01 7.02800E+01 7.02800E+01 7.02800E+01 7.02800E+01 7.02800E+01 7.02800E+01 7.02800E+01 7.02800E+01 ];

MAT_fuel_BURNUP = [ 0.00000E+00 1.00001E-01 1.00001E+00 5.99999E+00 1.19998E+01 1.79999E+01 2.40000E+01 2.99999E+01 3.60000E+01 4.20002E+01 4.80000E+01 5.40001E+01 6.00001E+01 6.60000E+01 ];

MAT_fuel_ADENS = [
0.00000E+00 0.00000E+00 0.00000E+00 0.00000E+00 0.00000E+00 0.00000E+00 0.00000E+00 0.00000E+00 0.00000E+00 0.00000E+00 0.00000E+00 0.00000E+00 0.00000E+00 0.00000E+00 % lost data
6.41793E-02 6.41828E-02 6.42159E-02 6.44238E-02 6.46820E-02 6.49399E-02 6.51971E-02 6.54531E-02 6.57077E-02 6.59612E-02 6.62132E-02 6.64637E-02 6.67127E-02 6.69603E-02 % total
];

MAT_fuel_MDENS = [
0.00000E+00 0.00000E+00 0.00000E+00 0.00000E+00 0.00000E+00 0.00000E+00 0.00000E+00 0.00000E+00 0.00000E+00 0.00000E+00 0.00000E+00 0.00000E+00 0.00000E+00 0.00000E+00 % lost data
1.35000E+01 1.35000E+01 1.35000E+01 1.34997E+01 1.34995E+01 1.34992E+01 1.34989E+01 1.34987E+01 1.34984E+01 1.34981E+01 1.34979E+01 1.34976E+01 1.34973E+01 1.34971E+01 % total
];

MAT_fuel_A = [
0.00000E+00 0.00000E+00 0.00000E+00 0.00000E+00 0.00000E+00 0.00000E+00 0.00000E+00 0.00000E+00 0.00000E+00 0.00000E+00 0.00000E+00 0.00000E+00 0.00000E+00 0.00000E+00 % lost data
6.31223E+13 1.52516E+15 1.62802E+15 1.67675E+15 1.67410E+15 1.66608E+15 1.66004E+15 1.65050E+15 1.64089E+15 1.63580E+15 1.62611E+15 1.61888E+15 1.61252E+15 1.60670E+15 % total
];

MAT_fuel_H = [
0.00000E+00 0.00000E+00 0.00000E+00 0.00000E+00 0.00000E+00 0.00000E+00 0.00000E+00 0.00000E+00 0.00000E+00 0.00000E+00 0.00000E+00 0.00000E+00 0.00000E+00 0.00000E+00 % lost data
7.66954E+00 4.03328E+02 4.31779E+02 4.61009E+02 4.61264E+02 4.59121E+02 4.57300E+02 4.54905E+02 4.52269E+02 4.50311E+02 4.47713E+02 4.45514E+02 4.43491E+02 4.41383E+02 % total
];

MAT_fuel_SF = [
0.00000E+00 0.00000E+00 0.00000E+00 0.00000E+00 0.00000E+00 0.00000E+00 0.00000E+00 0.00000E+00 0.00000E+00 0.00000E+00 0.00000E+00 0.00000E+00 0.00000E+00 0.00000E+00 % lost data
2.41370E+04 1.87728E+05 1.40471E+06 3.07383E+06 3.12193E+06 3.07647E+06 3.04715E+06 2.99814E+06 2.95114E+06 2.93116E+06 2.89159E+06 2.86806E+06 2.84686E+06 2.84346E+06 % total
];

MAT_fuel_GSRC = [
0.00000E+00 0.00000E+00 0.00000E+00 0.00000E+00 0.00000E+00 0.00000E+00 0.00000E+00 0.00000E+00 0.00000E+00 0.00000E+00 0.00000E+00 0.00000E+00 0.00000E+00 0.00000E+00 % lost data
4.87438E+12 1.58712E+15 1.65510E+15 1.66559E+15 1.66385E+15 1.66114E+15 1.66045E+15 1.65557E+15 1.65029E+15 1.64919E+15 1.64268E+15 1.63828E+15 1.63466E+15 1.63098E+15 % total
];

MAT_fuel_ING_TOX = [
0.00000E+00 0.00000E+00 0.00000E+00 0.00000E+00 0.00000E+00 0.00000E+00 0.00000E+00 0.00000E+00 0.00000E+00 0.00000E+00 0.00000E+00 0.00000E+00 0.00000E+00 0.00000E+00 % lost data
2.05173E+06 2.60611E+06 2.99675E+06 3.47069E+06 3.61463E+06 3.71507E+06 3.80361E+06 3.87261E+06 3.92856E+06 3.97982E+06 4.01370E+06 4.04106E+06 4.05950E+06 4.07319E+06 % total
];

MAT_fuel_INH_TOX = [
0.00000E+00 0.00000E+00 0.00000E+00 0.00000E+00 0.00000E+00 0.00000E+00 0.00000E+00 0.00000E+00 0.00000E+00 0.00000E+00 0.00000E+00 0.00000E+00 0.00000E+00 0.00000E+00 % lost data
9.83636E+08 1.00048E+09 1.11619E+09 1.30910E+09 1.36282E+09 1.40154E+09 1.43570E+09 1.46181E+09 1.48205E+09 1.49965E+09 1.51025E+09 1.51764E+09 1.52102E+09 1.52222E+09 % total
];

TOT_VOLUME = [ 7.02800E+01 7.02800E+01 7.02800E+01 7.02800E+01 7.02800E+01 7.02800E+01 7.02800E+01 7.02800E+01 7.02800E+01 7.02800E+01 7.02800E+01 7.02800E+01 7.02800E+01 7.02800E+01 ];

TOT_BURNUP = [ 0.00000E+00 1.00001E-01 1.00001E+00 5.99999E+00 1.19998E+01 1.79999E+01 2.40000E+01 2.99999E+01 3.60000E+01 4.20002E+01 4.80000E+01 5.40001E+01 6.00001E+01 6.60000E+01 ];

TOT_ADENS = [
0.00000E+00 0.00000E+00 0.00000E+00 0.00000E+00 0.00000E+00 0.00000E+00 0.00000E+00 0.00000E+00 0.00000E+00 0.00000E+00 0.00000E+00 0.00000E+00 0.00000E+00 0.00000E+00 % lost data
6.41793E-02 6.41828E-02 6.42159E-02 6.44238E-02 6.46820E-02 6.49399E-02 6.51971E-02 6.54531E-02 6.57077E-02 6.59612E-02 6.62132E-02 6.64637E-02 6.67127E-02 6.69603E-02 % total
];

TOT_MASS = [
0.00000E+00 0.00000E+00 0.00000E+00 0.00000E+00 0.00000E+00 0.00000E+00 0.00000E+00 0.00000E+00 0.00000E+00 0.00000E+00 0.00000E+00 0.00000E+00 0.00000E+00 0.00000E+00 % lost data
9.48780E+02 9.48780E+02 9.48777E+02 9.48761E+02 9.48743E+02 9.48724E+02 9.48706E+02 9.48687E+02 9.48668E+02 9.48650E+02 9.48631E+02 9.48612E+02 9.48593E+02 9.48574E+02 % total
];

TOT_A = [
0.00000E+00 0.00000E+00 0.00000E+00 0.00000E+00 0.00000E+00 0.00000E+00 0.00000E+00 0.00000E+00 0.00000E+00 0.00000E+00 0.00000E+00 0.00000E+00 0.00000E+00 0.00000E+00 % lost data
6.31223E+13 1.52516E+15 1.62802E+15 1.67675E+15 1.67410E+15 1.66608E+15 1.66004E+15 1.65050E+15 1.64089E+15 1.63580E+15 1.62611E+15 1.61888E+15 1.61252E+15 1.60670E+15 % total
];

TOT_H = [
0.00000E+00 0.00000E+00 0.00000E+00 0.00000E+00 0.00000E+00 0.00000E+00 0.00000E+00 0.00000E+00 0.00000E+00 0.00000E+00 0.00000E+00 0.00000E+00 0.00000E+00 0.00000E+00 % lost data
7.66954E+00 4.03328E+02 4.31779E+02 4.61009E+02 4.61264E+02 4.59121E+02 4.57300E+02 4.54905E+02 4.52269E+02 4.50311E+02 4.47713E+02 4.45514E+02 4.43491E+02 4.41383E+02 % total
];

TOT_SF = [
0.00000E+00 0.00000E+00 0.00000E+00 0.00000E+00 0.00000E+00 0.00000E+00 0.00000E+00 0.00000E+00 0.00000E+00 0.00000E+00 0.00000E+00 0.00000E+00 0.00000E+00 0.00000E+00 % lost data
2.41370E+04 1.87728E+05 1.40471E+06 3.07383E+06 3.12193E+06 3.07647E+06 3.04715E+06 2.99814E+06 2.95114E+06 2.93116E+06 2.89159E+06 2.86806E+06 2.84686E+06 2.84346E+06 % total
];

TOT_GSRC = [
0.00000E+00 0.00000E+00 0.00000E+00 0.00000E+00 0.00000E+00 0.00000E+00 0.00000E+00 0.00000E+00 0.00000E+00 0.00000E+00 0.00000E+00 0.00000E+00 0.00000E+00 0.00000E+00 % lost data
4.87438E+12 1.58712E+15 1.65510E+15 1.66559E+15 1.66385E+15 1.66114E+15 1.66045E+15 1.65557E+15 1.65029E+15 1.64919E+15 1.64268E+15 1.63828E+15 1.63466E+15 1.63098E+15 % total
];

TOT_ING_TOX = [
0.00000E+00 0.00000E+00 0.00000E+00 0.00000E+00 0.00000E+00 0.00000E+00 0.00000E+00 0.00000E+00 0.00000E+00 0.00000E+00 0.00000E+00 0.00000E+00 0.00000E+00 0.00000E+00 % lost data
2.05173E+06 2.60611E+06 2.99675E+06 3.47069E+06 3.61463E+06 3.71507E+06 3.80361E+06 3.87261E+06 3.92856E+06 3.97982E+06 4.01370E+06 4.04106E+06 4.05950E+06 4.07319E+06 % total
];

TOT_INH_TOX = [
0.00000E+00 0.00000E+00 0.00000E+00 0.00000E+00 0.00000E+00 0.00000E+00 0.00000E+00 0.00000E+00 0.00000E+00 0.00000E+00 0.00000E+00 0.00000E+00 0.00000E+00 0.00000E+00 % lost data
9.83636E+08 1.00048E+09 1.11619E+09 1.30910E+09 1.36282E+09 1.40154E+09 1.43570E+09 1.46181E+09 1.48205E+09 1.49965E+09 1.51025E+09 1.51764E+09 1.52102E+09 1.52222E+09 % total
];

BU = [ 0.00000E+00 1.00000E-01 1.00000E+00 6.00000E+00 1.20000E+01 1.80000E+01 2.40000E+01 3.00000E+01 3.60000E+01 4.20000E+01 4.80000E+01 5.40000E+01 6.00000E+01 6.60000E+01 ];

DAYS = [ 0.00000E+00 1.33814E+01 1.33814E+02 8.02886E+02 1.60577E+03 2.40866E+03 3.21155E+03 4.01443E+03 4.81732E+03 5.62020E+03 6.42309E+03 7.22598E+03 8.02886E+03 8.83175E+03 ];
