
ZAI = [
666
0
];

NAMES = [
'lost            '
'total           '
];

iLOST    = 1;
iTOT     = 2;

MAT_fuel_VOLUME = [ 7.02800E+01 7.02800E+01 7.02800E+01 7.02800E+01 7.02800E+01 7.02800E+01 7.02800E+01 7.02800E+01 7.02800E+01 7.02800E+01 7.02800E+01 7.02800E+01 7.02800E+01 7.02800E+01 ];

MAT_fuel_BURNUP = [ 0.00000E+00 1.00002E-01 1.00005E+00 6.00009E+00 1.20001E+01 1.80001E+01 2.40002E+01 3.00001E+01 3.60001E+01 4.20002E+01 4.80002E+01 5.40002E+01 6.00004E+01 6.60003E+01 ];

MAT_fuel_ADENS = [
0.00000E+00 0.00000E+00 0.00000E+00 0.00000E+00 0.00000E+00 0.00000E+00 0.00000E+00 0.00000E+00 0.00000E+00 0.00000E+00 0.00000E+00 0.00000E+00 0.00000E+00 0.00000E+00 % lost data
6.41836E-02 6.41871E-02 6.42203E-02 6.44307E-02 6.46919E-02 6.49522E-02 6.52112E-02 6.54685E-02 6.57241E-02 6.59779E-02 6.62301E-02 6.64806E-02 6.67295E-02 6.69768E-02 % total
];

MAT_fuel_MDENS = [
0.00000E+00 0.00000E+00 0.00000E+00 0.00000E+00 0.00000E+00 0.00000E+00 0.00000E+00 0.00000E+00 0.00000E+00 0.00000E+00 0.00000E+00 0.00000E+00 0.00000E+00 0.00000E+00 % lost data
1.35000E+01 1.35000E+01 1.35000E+01 1.34998E+01 1.34995E+01 1.34993E+01 1.34991E+01 1.34988E+01 1.34986E+01 1.34983E+01 1.34981E+01 1.34978E+01 1.34975E+01 1.34973E+01 % total
];

MAT_fuel_A = [
0.00000E+00 0.00000E+00 0.00000E+00 0.00000E+00 0.00000E+00 0.00000E+00 0.00000E+00 0.00000E+00 0.00000E+00 0.00000E+00 0.00000E+00 0.00000E+00 0.00000E+00 0.00000E+00 % lost data
5.84406E+13 1.56192E+15 1.65752E+15 1.71798E+15 1.70855E+15 1.69897E+15 1.68777E+15 1.67406E+15 1.66433E+15 1.65184E+15 1.64339E+15 1.63569E+15 1.62719E+15 1.61983E+15 % total
];

MAT_fuel_H = [
0.00000E+00 0.00000E+00 0.00000E+00 0.00000E+00 0.00000E+00 0.00000E+00 0.00000E+00 0.00000E+00 0.00000E+00 0.00000E+00 0.00000E+00 0.00000E+00 0.00000E+00 0.00000E+00 % lost data
7.46490E+00 4.07414E+02 4.36691E+02 4.69440E+02 4.68084E+02 4.65166E+02 4.62077E+02 4.58662E+02 4.55802E+02 4.52531E+02 4.49906E+02 4.47349E+02 4.44868E+02 4.42526E+02 % total
];

MAT_fuel_SF = [
0.00000E+00 0.00000E+00 0.00000E+00 0.00000E+00 0.00000E+00 0.00000E+00 0.00000E+00 0.00000E+00 0.00000E+00 0.00000E+00 0.00000E+00 0.00000E+00 0.00000E+00 0.00000E+00 % lost data
2.21706E+04 1.99685E+05 1.48525E+06 3.29671E+06 3.29379E+06 3.22682E+06 3.15725E+06 3.07335E+06 3.01843E+06 2.95766E+06 2.91463E+06 2.88449E+06 2.85280E+06 2.83721E+06 % total
];

MAT_fuel_GSRC = [
0.00000E+00 0.00000E+00 0.00000E+00 0.00000E+00 0.00000E+00 0.00000E+00 0.00000E+00 0.00000E+00 0.00000E+00 0.00000E+00 0.00000E+00 0.00000E+00 0.00000E+00 0.00000E+00 % lost data
4.84782E+12 1.63332E+15 1.69269E+15 1.71293E+15 1.70442E+15 1.70026E+15 1.69430E+15 1.68525E+15 1.67975E+15 1.67069E+15 1.66558E+15 1.66080E+15 1.65464E+15 1.64935E+15 % total
];

MAT_fuel_ING_TOX = [
0.00000E+00 0.00000E+00 0.00000E+00 0.00000E+00 0.00000E+00 0.00000E+00 0.00000E+00 0.00000E+00 0.00000E+00 0.00000E+00 0.00000E+00 0.00000E+00 0.00000E+00 0.00000E+00 % lost data
1.97781E+06 2.55018E+06 2.95171E+06 3.46542E+06 3.60698E+06 3.71009E+06 3.79351E+06 3.85656E+06 3.91227E+06 3.95202E+06 3.98468E+06 4.00926E+06 4.02302E+06 4.03167E+06 % total
];

MAT_fuel_INH_TOX = [
0.00000E+00 0.00000E+00 0.00000E+00 0.00000E+00 0.00000E+00 0.00000E+00 0.00000E+00 0.00000E+00 0.00000E+00 0.00000E+00 0.00000E+00 0.00000E+00 0.00000E+00 0.00000E+00 % lost data
9.48250E+08 9.66551E+08 1.08898E+09 1.29962E+09 1.35302E+09 1.39305E+09 1.42543E+09 1.44921E+09 1.46924E+09 1.48261E+09 1.49225E+09 1.49832E+09 1.49977E+09 1.49880E+09 % total
];

TOT_VOLUME = [ 7.02800E+01 7.02800E+01 7.02800E+01 7.02800E+01 7.02800E+01 7.02800E+01 7.02800E+01 7.02800E+01 7.02800E+01 7.02800E+01 7.02800E+01 7.02800E+01 7.02800E+01 7.02800E+01 ];

TOT_BURNUP = [ 0.00000E+00 1.00002E-01 1.00005E+00 6.00009E+00 1.20001E+01 1.80001E+01 2.40002E+01 3.00001E+01 3.60001E+01 4.20002E+01 4.80002E+01 5.40002E+01 6.00004E+01 6.60003E+01 ];

TOT_ADENS = [
0.00000E+00 0.00000E+00 0.00000E+00 0.00000E+00 0.00000E+00 0.00000E+00 0.00000E+00 0.00000E+00 0.00000E+00 0.00000E+00 0.00000E+00 0.00000E+00 0.00000E+00 0.00000E+00 % lost data
6.41836E-02 6.41871E-02 6.42203E-02 6.44307E-02 6.46919E-02 6.49522E-02 6.52112E-02 6.54685E-02 6.57241E-02 6.59779E-02 6.62301E-02 6.64806E-02 6.67295E-02 6.69768E-02 % total
];

TOT_MASS = [
0.00000E+00 0.00000E+00 0.00000E+00 0.00000E+00 0.00000E+00 0.00000E+00 0.00000E+00 0.00000E+00 0.00000E+00 0.00000E+00 0.00000E+00 0.00000E+00 0.00000E+00 0.00000E+00 % lost data
9.48780E+02 9.48780E+02 9.48777E+02 9.48764E+02 9.48747E+02 9.48730E+02 9.48713E+02 9.48696E+02 9.48679E+02 9.48661E+02 9.48644E+02 9.48626E+02 9.48608E+02 9.48590E+02 % total
];

TOT_A = [
0.00000E+00 0.00000E+00 0.00000E+00 0.00000E+00 0.00000E+00 0.00000E+00 0.00000E+00 0.00000E+00 0.00000E+00 0.00000E+00 0.00000E+00 0.00000E+00 0.00000E+00 0.00000E+00 % lost data
5.84406E+13 1.56192E+15 1.65752E+15 1.71798E+15 1.70855E+15 1.69897E+15 1.68777E+15 1.67406E+15 1.66433E+15 1.65184E+15 1.64339E+15 1.63569E+15 1.62719E+15 1.61983E+15 % total
];

TOT_H = [
0.00000E+00 0.00000E+00 0.00000E+00 0.00000E+00 0.00000E+00 0.00000E+00 0.00000E+00 0.00000E+00 0.00000E+00 0.00000E+00 0.00000E+00 0.00000E+00 0.00000E+00 0.00000E+00 % lost data
7.46490E+00 4.07414E+02 4.36691E+02 4.69440E+02 4.68084E+02 4.65166E+02 4.62077E+02 4.58662E+02 4.55802E+02 4.52531E+02 4.49906E+02 4.47349E+02 4.44868E+02 4.42526E+02 % total
];

TOT_SF = [
0.00000E+00 0.00000E+00 0.00000E+00 0.00000E+00 0.00000E+00 0.00000E+00 0.00000E+00 0.00000E+00 0.00000E+00 0.00000E+00 0.00000E+00 0.00000E+00 0.00000E+00 0.00000E+00 % lost data
2.21706E+04 1.99685E+05 1.48525E+06 3.29671E+06 3.29379E+06 3.22682E+06 3.15725E+06 3.07335E+06 3.01843E+06 2.95766E+06 2.91463E+06 2.88449E+06 2.85280E+06 2.83721E+06 % total
];

TOT_GSRC = [
0.00000E+00 0.00000E+00 0.00000E+00 0.00000E+00 0.00000E+00 0.00000E+00 0.00000E+00 0.00000E+00 0.00000E+00 0.00000E+00 0.00000E+00 0.00000E+00 0.00000E+00 0.00000E+00 % lost data
4.84782E+12 1.63332E+15 1.69269E+15 1.71293E+15 1.70442E+15 1.70026E+15 1.69430E+15 1.68525E+15 1.67975E+15 1.67069E+15 1.66558E+15 1.66080E+15 1.65464E+15 1.64935E+15 % total
];

TOT_ING_TOX = [
0.00000E+00 0.00000E+00 0.00000E+00 0.00000E+00 0.00000E+00 0.00000E+00 0.00000E+00 0.00000E+00 0.00000E+00 0.00000E+00 0.00000E+00 0.00000E+00 0.00000E+00 0.00000E+00 % lost data
1.97781E+06 2.55018E+06 2.95171E+06 3.46542E+06 3.60698E+06 3.71009E+06 3.79351E+06 3.85656E+06 3.91227E+06 3.95202E+06 3.98468E+06 4.00926E+06 4.02302E+06 4.03167E+06 % total
];

TOT_INH_TOX = [
0.00000E+00 0.00000E+00 0.00000E+00 0.00000E+00 0.00000E+00 0.00000E+00 0.00000E+00 0.00000E+00 0.00000E+00 0.00000E+00 0.00000E+00 0.00000E+00 0.00000E+00 0.00000E+00 % lost data
9.48250E+08 9.66551E+08 1.08898E+09 1.29962E+09 1.35302E+09 1.39305E+09 1.42543E+09 1.44921E+09 1.46924E+09 1.48261E+09 1.49225E+09 1.49832E+09 1.49977E+09 1.49880E+09 % total
];

BU = [ 0.00000E+00 1.00000E-01 1.00000E+00 6.00000E+00 1.20000E+01 1.80000E+01 2.40000E+01 3.00000E+01 3.60000E+01 4.20000E+01 4.80000E+01 5.40000E+01 6.00000E+01 6.60000E+01 ];

DAYS = [ 0.00000E+00 1.33814E+01 1.33814E+02 8.02883E+02 1.60577E+03 2.40865E+03 3.21153E+03 4.01441E+03 4.81730E+03 5.62018E+03 6.42306E+03 7.22595E+03 8.02883E+03 8.83171E+03 ];
