
ZAI = [
666
0
];

NAMES = [
'lost            '
'total           '
];

iLOST    = 1;
iTOT     = 2;

MAT_fuel_VOLUME = [ 7.02800E+01 7.02800E+01 7.02800E+01 7.02800E+01 7.02800E+01 7.02800E+01 7.02800E+01 7.02800E+01 7.02800E+01 7.02800E+01 7.02800E+01 7.02800E+01 7.02800E+01 7.02800E+01 ];

MAT_fuel_BURNUP = [ 0.00000E+00 9.99996E-02 9.99964E-01 5.99999E+00 1.19999E+01 1.79999E+01 2.39999E+01 2.99998E+01 3.59998E+01 4.19999E+01 4.80000E+01 5.39999E+01 6.00000E+01 6.60000E+01 ];

MAT_fuel_ADENS = [
0.00000E+00 0.00000E+00 0.00000E+00 0.00000E+00 0.00000E+00 0.00000E+00 0.00000E+00 0.00000E+00 0.00000E+00 0.00000E+00 0.00000E+00 0.00000E+00 0.00000E+00 0.00000E+00 % lost data
6.41799E-02 6.41834E-02 6.42165E-02 6.44247E-02 6.46832E-02 6.49415E-02 6.51987E-02 6.54549E-02 6.57098E-02 6.59631E-02 6.62151E-02 6.64657E-02 6.67146E-02 6.69622E-02 % total
];

MAT_fuel_MDENS = [
0.00000E+00 0.00000E+00 0.00000E+00 0.00000E+00 0.00000E+00 0.00000E+00 0.00000E+00 0.00000E+00 0.00000E+00 0.00000E+00 0.00000E+00 0.00000E+00 0.00000E+00 0.00000E+00 % lost data
1.35000E+01 1.35000E+01 1.35000E+01 1.34997E+01 1.34995E+01 1.34992E+01 1.34990E+01 1.34987E+01 1.34984E+01 1.34982E+01 1.34979E+01 1.34976E+01 1.34974E+01 1.34971E+01 % total
];

MAT_fuel_A = [
0.00000E+00 0.00000E+00 0.00000E+00 0.00000E+00 0.00000E+00 0.00000E+00 0.00000E+00 0.00000E+00 0.00000E+00 0.00000E+00 0.00000E+00 0.00000E+00 0.00000E+00 0.00000E+00 % lost data
6.24200E+13 1.53075E+15 1.63237E+15 1.68238E+15 1.67865E+15 1.67156E+15 1.66215E+15 1.65393E+15 1.64496E+15 1.63610E+15 1.62919E+15 1.62197E+15 1.61348E+15 1.60884E+15 % total
];

MAT_fuel_H = [
0.00000E+00 0.00000E+00 0.00000E+00 0.00000E+00 0.00000E+00 0.00000E+00 0.00000E+00 0.00000E+00 0.00000E+00 0.00000E+00 0.00000E+00 0.00000E+00 0.00000E+00 0.00000E+00 % lost data
7.63884E+00 4.03871E+02 4.32551E+02 4.62101E+02 4.62181E+02 4.60126E+02 4.57743E+02 4.55427E+02 4.52968E+02 4.50359E+02 4.48172E+02 4.45881E+02 4.43472E+02 4.41676E+02 % total
];

MAT_fuel_SF = [
0.00000E+00 0.00000E+00 0.00000E+00 0.00000E+00 0.00000E+00 0.00000E+00 0.00000E+00 0.00000E+00 0.00000E+00 0.00000E+00 0.00000E+00 0.00000E+00 0.00000E+00 0.00000E+00 % lost data
2.38420E+04 1.89638E+05 1.41933E+06 3.09374E+06 3.14312E+06 3.09830E+06 3.05042E+06 3.01187E+06 2.96096E+06 2.92499E+06 2.89272E+06 2.87143E+06 2.84411E+06 2.83935E+06 % total
];

MAT_fuel_GSRC = [
0.00000E+00 0.00000E+00 0.00000E+00 0.00000E+00 0.00000E+00 0.00000E+00 0.00000E+00 0.00000E+00 0.00000E+00 0.00000E+00 0.00000E+00 0.00000E+00 0.00000E+00 0.00000E+00 % lost data
4.87039E+12 1.59413E+15 1.66072E+15 1.67256E+15 1.66927E+15 1.66762E+15 1.66332E+15 1.65983E+15 1.65528E+15 1.65010E+15 1.64669E+15 1.64227E+15 1.63626E+15 1.63388E+15 % total
];

MAT_fuel_ING_TOX = [
0.00000E+00 0.00000E+00 0.00000E+00 0.00000E+00 0.00000E+00 0.00000E+00 0.00000E+00 0.00000E+00 0.00000E+00 0.00000E+00 0.00000E+00 0.00000E+00 0.00000E+00 0.00000E+00 % lost data
2.04064E+06 2.59780E+06 2.99049E+06 3.46689E+06 3.61173E+06 3.71378E+06 3.79761E+06 3.86971E+06 3.92552E+06 3.97187E+06 4.00819E+06 4.03599E+06 4.05222E+06 4.06559E+06 % total
];

MAT_fuel_INH_TOX = [
0.00000E+00 0.00000E+00 0.00000E+00 0.00000E+00 0.00000E+00 0.00000E+00 0.00000E+00 0.00000E+00 0.00000E+00 0.00000E+00 0.00000E+00 0.00000E+00 0.00000E+00 0.00000E+00 % lost data
9.78328E+08 9.95406E+08 1.11235E+09 1.30625E+09 1.36062E+09 1.39992E+09 1.43242E+09 1.45967E+09 1.47976E+09 1.49570E+09 1.50690E+09 1.51452E+09 1.51713E+09 1.51808E+09 % total
];

TOT_VOLUME = [ 7.02800E+01 7.02800E+01 7.02800E+01 7.02800E+01 7.02800E+01 7.02800E+01 7.02800E+01 7.02800E+01 7.02800E+01 7.02800E+01 7.02800E+01 7.02800E+01 7.02800E+01 7.02800E+01 ];

TOT_BURNUP = [ 0.00000E+00 9.99996E-02 9.99964E-01 5.99999E+00 1.19999E+01 1.79999E+01 2.39999E+01 2.99998E+01 3.59998E+01 4.19999E+01 4.80000E+01 5.39999E+01 6.00000E+01 6.60000E+01 ];

TOT_ADENS = [
0.00000E+00 0.00000E+00 0.00000E+00 0.00000E+00 0.00000E+00 0.00000E+00 0.00000E+00 0.00000E+00 0.00000E+00 0.00000E+00 0.00000E+00 0.00000E+00 0.00000E+00 0.00000E+00 % lost data
6.41799E-02 6.41834E-02 6.42165E-02 6.44247E-02 6.46832E-02 6.49415E-02 6.51987E-02 6.54549E-02 6.57098E-02 6.59631E-02 6.62151E-02 6.64657E-02 6.67146E-02 6.69622E-02 % total
];

TOT_MASS = [
0.00000E+00 0.00000E+00 0.00000E+00 0.00000E+00 0.00000E+00 0.00000E+00 0.00000E+00 0.00000E+00 0.00000E+00 0.00000E+00 0.00000E+00 0.00000E+00 0.00000E+00 0.00000E+00 % lost data
9.48780E+02 9.48780E+02 9.48777E+02 9.48762E+02 9.48743E+02 9.48725E+02 9.48706E+02 9.48688E+02 9.48670E+02 9.48651E+02 9.48632E+02 9.48614E+02 9.48595E+02 9.48576E+02 % total
];

TOT_A = [
0.00000E+00 0.00000E+00 0.00000E+00 0.00000E+00 0.00000E+00 0.00000E+00 0.00000E+00 0.00000E+00 0.00000E+00 0.00000E+00 0.00000E+00 0.00000E+00 0.00000E+00 0.00000E+00 % lost data
6.24200E+13 1.53075E+15 1.63237E+15 1.68238E+15 1.67865E+15 1.67156E+15 1.66215E+15 1.65393E+15 1.64496E+15 1.63610E+15 1.62919E+15 1.62197E+15 1.61348E+15 1.60884E+15 % total
];

TOT_H = [
0.00000E+00 0.00000E+00 0.00000E+00 0.00000E+00 0.00000E+00 0.00000E+00 0.00000E+00 0.00000E+00 0.00000E+00 0.00000E+00 0.00000E+00 0.00000E+00 0.00000E+00 0.00000E+00 % lost data
7.63884E+00 4.03871E+02 4.32551E+02 4.62101E+02 4.62181E+02 4.60126E+02 4.57743E+02 4.55427E+02 4.52968E+02 4.50359E+02 4.48172E+02 4.45881E+02 4.43472E+02 4.41676E+02 % total
];

TOT_SF = [
0.00000E+00 0.00000E+00 0.00000E+00 0.00000E+00 0.00000E+00 0.00000E+00 0.00000E+00 0.00000E+00 0.00000E+00 0.00000E+00 0.00000E+00 0.00000E+00 0.00000E+00 0.00000E+00 % lost data
2.38420E+04 1.89638E+05 1.41933E+06 3.09374E+06 3.14312E+06 3.09830E+06 3.05042E+06 3.01187E+06 2.96096E+06 2.92499E+06 2.89272E+06 2.87143E+06 2.84411E+06 2.83935E+06 % total
];

TOT_GSRC = [
0.00000E+00 0.00000E+00 0.00000E+00 0.00000E+00 0.00000E+00 0.00000E+00 0.00000E+00 0.00000E+00 0.00000E+00 0.00000E+00 0.00000E+00 0.00000E+00 0.00000E+00 0.00000E+00 % lost data
4.87039E+12 1.59413E+15 1.66072E+15 1.67256E+15 1.66927E+15 1.66762E+15 1.66332E+15 1.65983E+15 1.65528E+15 1.65010E+15 1.64669E+15 1.64227E+15 1.63626E+15 1.63388E+15 % total
];

TOT_ING_TOX = [
0.00000E+00 0.00000E+00 0.00000E+00 0.00000E+00 0.00000E+00 0.00000E+00 0.00000E+00 0.00000E+00 0.00000E+00 0.00000E+00 0.00000E+00 0.00000E+00 0.00000E+00 0.00000E+00 % lost data
2.04064E+06 2.59780E+06 2.99049E+06 3.46689E+06 3.61173E+06 3.71378E+06 3.79761E+06 3.86971E+06 3.92552E+06 3.97187E+06 4.00819E+06 4.03599E+06 4.05222E+06 4.06559E+06 % total
];

TOT_INH_TOX = [
0.00000E+00 0.00000E+00 0.00000E+00 0.00000E+00 0.00000E+00 0.00000E+00 0.00000E+00 0.00000E+00 0.00000E+00 0.00000E+00 0.00000E+00 0.00000E+00 0.00000E+00 0.00000E+00 % lost data
9.78328E+08 9.95406E+08 1.11235E+09 1.30625E+09 1.36062E+09 1.39992E+09 1.43242E+09 1.45967E+09 1.47976E+09 1.49570E+09 1.50690E+09 1.51452E+09 1.51713E+09 1.51808E+09 % total
];

BU = [ 0.00000E+00 1.00000E-01 1.00000E+00 6.00000E+00 1.20000E+01 1.80000E+01 2.40000E+01 3.00000E+01 3.60000E+01 4.20000E+01 4.80000E+01 5.40000E+01 6.00000E+01 6.60000E+01 ];

DAYS = [ 0.00000E+00 1.33814E+01 1.33814E+02 8.02886E+02 1.60577E+03 2.40866E+03 3.21154E+03 4.01443E+03 4.81732E+03 5.62020E+03 6.42309E+03 7.22597E+03 8.02886E+03 8.83174E+03 ];
