
ZAI = [
666
0
];

NAMES = [
'lost            '
'total           '
];

iLOST    = 1;
iTOT     = 2;

MAT_fuel_VOLUME = [ 3.12079E+06 3.12079E+06 3.12079E+06 3.12079E+06 3.12079E+06 3.12079E+06 3.12079E+06 3.12079E+06 3.12079E+06 3.12079E+06 3.12079E+06 3.12079E+06 3.12079E+06 3.12079E+06 ];

MAT_fuel_BURNUP = [ 0.00000E+00 1.00001E-01 1.00000E+00 6.00004E+00 1.20001E+01 1.80001E+01 2.40001E+01 3.00001E+01 3.60001E+01 4.20001E+01 4.80002E+01 5.40002E+01 6.00002E+01 6.60002E+01 ];

MAT_fuel_ADENS = [
0.00000E+00 0.00000E+00 0.00000E+00 0.00000E+00 0.00000E+00 0.00000E+00 0.00000E+00 0.00000E+00 0.00000E+00 0.00000E+00 0.00000E+00 0.00000E+00 0.00000E+00 0.00000E+00 % lost data
6.33289E-02 6.33322E-02 6.33643E-02 6.35673E-02 6.38237E-02 6.40795E-02 6.43335E-02 6.45853E-02 6.48351E-02 6.50830E-02 6.53290E-02 6.55731E-02 6.58154E-02 6.60560E-02 % total
];

MAT_fuel_MDENS = [
0.00000E+00 0.00000E+00 0.00000E+00 0.00000E+00 0.00000E+00 0.00000E+00 0.00000E+00 0.00000E+00 0.00000E+00 0.00000E+00 0.00000E+00 0.00000E+00 0.00000E+00 0.00000E+00 % lost data
1.33200E+01 1.33200E+01 1.33200E+01 1.33198E+01 1.33196E+01 1.33194E+01 1.33191E+01 1.33189E+01 1.33187E+01 1.33184E+01 1.33182E+01 1.33179E+01 1.33177E+01 1.33174E+01 % total
];

MAT_fuel_A = [
0.00000E+00 0.00000E+00 0.00000E+00 0.00000E+00 0.00000E+00 0.00000E+00 0.00000E+00 0.00000E+00 0.00000E+00 0.00000E+00 0.00000E+00 0.00000E+00 0.00000E+00 0.00000E+00 % lost data
2.50917E+18 9.26132E+19 9.91794E+19 1.03086E+20 1.03084E+20 1.02328E+20 1.01546E+20 1.00712E+20 9.99977E+19 9.93254E+19 9.87039E+19 9.81223E+19 9.75670E+19 9.70127E+19 % total
];

MAT_fuel_H = [
0.00000E+00 0.00000E+00 0.00000E+00 0.00000E+00 0.00000E+00 0.00000E+00 0.00000E+00 0.00000E+00 0.00000E+00 0.00000E+00 0.00000E+00 0.00000E+00 0.00000E+00 0.00000E+00 % lost data
3.24818E+05 2.41988E+07 2.58540E+07 2.80494E+07 2.81601E+07 2.79421E+07 2.77087E+07 2.74729E+07 2.72585E+07 2.70536E+07 2.68670E+07 2.66898E+07 2.65206E+07 2.63597E+07 % total
];

MAT_fuel_SF = [
0.00000E+00 0.00000E+00 0.00000E+00 0.00000E+00 0.00000E+00 0.00000E+00 0.00000E+00 0.00000E+00 0.00000E+00 0.00000E+00 0.00000E+00 0.00000E+00 0.00000E+00 0.00000E+00 % lost data
9.49820E+08 8.90918E+09 7.36813E+10 1.93328E+11 2.01618E+11 1.95214E+11 1.88678E+11 1.82269E+11 1.77130E+11 1.72688E+11 1.68870E+11 1.65660E+11 1.62894E+11 1.60431E+11 % total
];

MAT_fuel_GSRC = [
0.00000E+00 0.00000E+00 0.00000E+00 0.00000E+00 0.00000E+00 0.00000E+00 0.00000E+00 0.00000E+00 0.00000E+00 0.00000E+00 0.00000E+00 0.00000E+00 0.00000E+00 0.00000E+00 % lost data
2.12107E+17 9.76416E+19 1.02816E+20 1.03974E+20 1.03722E+20 1.03137E+20 1.02589E+20 1.01985E+20 1.01481E+20 1.01002E+20 1.00549E+20 1.00116E+20 9.96958E+19 9.92541E+19 % total
];

MAT_fuel_ING_TOX = [
0.00000E+00 0.00000E+00 0.00000E+00 0.00000E+00 0.00000E+00 0.00000E+00 0.00000E+00 0.00000E+00 0.00000E+00 0.00000E+00 0.00000E+00 0.00000E+00 0.00000E+00 0.00000E+00 % lost data
8.58438E+10 1.17776E+11 1.41126E+11 1.72207E+11 1.80905E+11 1.85167E+11 1.88396E+11 1.90818E+11 1.92843E+11 1.94411E+11 1.95564E+11 1.96356E+11 1.96796E+11 1.96881E+11 % total
];

MAT_fuel_INH_TOX = [
0.00000E+00 0.00000E+00 0.00000E+00 0.00000E+00 0.00000E+00 0.00000E+00 0.00000E+00 0.00000E+00 0.00000E+00 0.00000E+00 0.00000E+00 0.00000E+00 0.00000E+00 0.00000E+00 % lost data
4.11581E+13 4.20073E+13 4.81539E+13 6.10453E+13 6.42784E+13 6.58210E+13 6.69929E+13 6.78393E+13 6.85039E+13 6.89636E+13 6.92376E+13 6.93487E+13 6.93032E+13 6.91049E+13 % total
];

TOT_VOLUME = [ 3.12079E+06 3.12079E+06 3.12079E+06 3.12079E+06 3.12079E+06 3.12079E+06 3.12079E+06 3.12079E+06 3.12079E+06 3.12079E+06 3.12079E+06 3.12079E+06 3.12079E+06 3.12079E+06 ];

TOT_BURNUP = [ 0.00000E+00 1.00001E-01 1.00000E+00 6.00004E+00 1.20001E+01 1.80001E+01 2.40001E+01 3.00001E+01 3.60001E+01 4.20001E+01 4.80002E+01 5.40002E+01 6.00002E+01 6.60002E+01 ];

TOT_ADENS = [
0.00000E+00 0.00000E+00 0.00000E+00 0.00000E+00 0.00000E+00 0.00000E+00 0.00000E+00 0.00000E+00 0.00000E+00 0.00000E+00 0.00000E+00 0.00000E+00 0.00000E+00 0.00000E+00 % lost data
6.33289E-02 6.33322E-02 6.33643E-02 6.35673E-02 6.38237E-02 6.40795E-02 6.43335E-02 6.45853E-02 6.48351E-02 6.50830E-02 6.53290E-02 6.55731E-02 6.58154E-02 6.60560E-02 % total
];

TOT_MASS = [
0.00000E+00 0.00000E+00 0.00000E+00 0.00000E+00 0.00000E+00 0.00000E+00 0.00000E+00 0.00000E+00 0.00000E+00 0.00000E+00 0.00000E+00 0.00000E+00 0.00000E+00 0.00000E+00 % lost data
4.15689E+07 4.15689E+07 4.15688E+07 4.15683E+07 4.15676E+07 4.15669E+07 4.15662E+07 4.15655E+07 4.15648E+07 4.15640E+07 4.15633E+07 4.15625E+07 4.15617E+07 4.15610E+07 % total
];

TOT_A = [
0.00000E+00 0.00000E+00 0.00000E+00 0.00000E+00 0.00000E+00 0.00000E+00 0.00000E+00 0.00000E+00 0.00000E+00 0.00000E+00 0.00000E+00 0.00000E+00 0.00000E+00 0.00000E+00 % lost data
2.50917E+18 9.26132E+19 9.91794E+19 1.03086E+20 1.03084E+20 1.02328E+20 1.01546E+20 1.00712E+20 9.99977E+19 9.93254E+19 9.87039E+19 9.81223E+19 9.75670E+19 9.70127E+19 % total
];

TOT_H = [
0.00000E+00 0.00000E+00 0.00000E+00 0.00000E+00 0.00000E+00 0.00000E+00 0.00000E+00 0.00000E+00 0.00000E+00 0.00000E+00 0.00000E+00 0.00000E+00 0.00000E+00 0.00000E+00 % lost data
3.24818E+05 2.41988E+07 2.58540E+07 2.80494E+07 2.81601E+07 2.79421E+07 2.77087E+07 2.74729E+07 2.72585E+07 2.70536E+07 2.68670E+07 2.66898E+07 2.65206E+07 2.63597E+07 % total
];

TOT_SF = [
0.00000E+00 0.00000E+00 0.00000E+00 0.00000E+00 0.00000E+00 0.00000E+00 0.00000E+00 0.00000E+00 0.00000E+00 0.00000E+00 0.00000E+00 0.00000E+00 0.00000E+00 0.00000E+00 % lost data
9.49820E+08 8.90918E+09 7.36813E+10 1.93328E+11 2.01618E+11 1.95214E+11 1.88678E+11 1.82269E+11 1.77130E+11 1.72688E+11 1.68870E+11 1.65660E+11 1.62894E+11 1.60431E+11 % total
];

TOT_GSRC = [
0.00000E+00 0.00000E+00 0.00000E+00 0.00000E+00 0.00000E+00 0.00000E+00 0.00000E+00 0.00000E+00 0.00000E+00 0.00000E+00 0.00000E+00 0.00000E+00 0.00000E+00 0.00000E+00 % lost data
2.12107E+17 9.76416E+19 1.02816E+20 1.03974E+20 1.03722E+20 1.03137E+20 1.02589E+20 1.01985E+20 1.01481E+20 1.01002E+20 1.00549E+20 1.00116E+20 9.96958E+19 9.92541E+19 % total
];

TOT_ING_TOX = [
0.00000E+00 0.00000E+00 0.00000E+00 0.00000E+00 0.00000E+00 0.00000E+00 0.00000E+00 0.00000E+00 0.00000E+00 0.00000E+00 0.00000E+00 0.00000E+00 0.00000E+00 0.00000E+00 % lost data
8.58438E+10 1.17776E+11 1.41126E+11 1.72207E+11 1.80905E+11 1.85167E+11 1.88396E+11 1.90818E+11 1.92843E+11 1.94411E+11 1.95564E+11 1.96356E+11 1.96796E+11 1.96881E+11 % total
];

TOT_INH_TOX = [
0.00000E+00 0.00000E+00 0.00000E+00 0.00000E+00 0.00000E+00 0.00000E+00 0.00000E+00 0.00000E+00 0.00000E+00 0.00000E+00 0.00000E+00 0.00000E+00 0.00000E+00 0.00000E+00 % lost data
4.11581E+13 4.20073E+13 4.81539E+13 6.10453E+13 6.42784E+13 6.58210E+13 6.69929E+13 6.78393E+13 6.85039E+13 6.89636E+13 6.92376E+13 6.93487E+13 6.93032E+13 6.91049E+13 % total
];

BU = [ 0.00000E+00 1.00000E-01 1.00000E+00 6.00000E+00 1.20000E+01 1.80000E+01 2.40000E+01 3.00000E+01 3.60000E+01 4.20000E+01 4.80000E+01 5.40000E+01 6.00000E+01 6.60000E+01 ];

DAYS = [ 0.00000E+00 9.77930E+00 9.77930E+01 5.86758E+02 1.17352E+03 1.76027E+03 2.34703E+03 2.93379E+03 3.52055E+03 4.10730E+03 4.69406E+03 5.28082E+03 5.86758E+03 6.45434E+03 ];
