
ZAI = [
666
0
];

NAMES = [
'lost            '
'total           '
];

iLOST    = 1;
iTOT     = 2;

MAT_fuel_VOLUME = [ 3.12079E+06 3.12079E+06 3.12079E+06 3.12079E+06 3.12079E+06 3.12079E+06 3.12079E+06 3.12079E+06 3.12079E+06 3.12079E+06 3.12079E+06 3.12079E+06 3.12079E+06 3.12079E+06 ];

MAT_fuel_BURNUP = [ 0.00000E+00 1.00000E-01 1.00000E+00 6.00001E+00 1.20000E+01 1.80000E+01 2.40000E+01 3.00000E+01 3.60000E+01 4.20000E+01 4.80000E+01 5.40001E+01 6.00001E+01 6.60000E+01 ];

MAT_fuel_ADENS = [
0.00000E+00 0.00000E+00 0.00000E+00 0.00000E+00 0.00000E+00 0.00000E+00 0.00000E+00 0.00000E+00 0.00000E+00 0.00000E+00 0.00000E+00 0.00000E+00 0.00000E+00 0.00000E+00 % lost data
6.33208E-02 6.33241E-02 6.33560E-02 6.35538E-02 6.38030E-02 6.40528E-02 6.43019E-02 6.45501E-02 6.47971E-02 6.50429E-02 6.52874E-02 6.55307E-02 6.57727E-02 6.60134E-02 % total
];

MAT_fuel_MDENS = [
0.00000E+00 0.00000E+00 0.00000E+00 0.00000E+00 0.00000E+00 0.00000E+00 0.00000E+00 0.00000E+00 0.00000E+00 0.00000E+00 0.00000E+00 0.00000E+00 0.00000E+00 0.00000E+00 % lost data
1.33200E+01 1.33200E+01 1.33200E+01 1.33197E+01 1.33195E+01 1.33192E+01 1.33189E+01 1.33187E+01 1.33184E+01 1.33181E+01 1.33178E+01 1.33176E+01 1.33173E+01 1.33170E+01 % total
];

MAT_fuel_A = [
0.00000E+00 0.00000E+00 0.00000E+00 0.00000E+00 0.00000E+00 0.00000E+00 0.00000E+00 0.00000E+00 0.00000E+00 0.00000E+00 0.00000E+00 0.00000E+00 0.00000E+00 0.00000E+00 % lost data
2.89889E+18 8.85354E+19 9.47656E+19 9.80015E+19 9.83703E+19 9.81784E+19 9.78858E+19 9.75224E+19 9.71512E+19 9.67800E+19 9.64191E+19 9.60936E+19 9.57470E+19 9.54136E+19 % total
];

MAT_fuel_H = [
0.00000E+00 0.00000E+00 0.00000E+00 0.00000E+00 0.00000E+00 0.00000E+00 0.00000E+00 0.00000E+00 0.00000E+00 0.00000E+00 0.00000E+00 0.00000E+00 0.00000E+00 0.00000E+00 % lost data
3.41853E+05 2.37527E+07 2.52277E+07 2.70343E+07 2.72160E+07 2.71400E+07 2.70327E+07 2.69111E+07 2.67866E+07 2.66625E+07 2.65387E+07 2.64192E+07 2.63008E+07 2.61826E+07 % total
];

MAT_fuel_SF = [
0.00000E+00 0.00000E+00 0.00000E+00 0.00000E+00 0.00000E+00 0.00000E+00 0.00000E+00 0.00000E+00 0.00000E+00 0.00000E+00 0.00000E+00 0.00000E+00 0.00000E+00 0.00000E+00 % lost data
1.11351E+09 7.98507E+09 6.39746E+10 1.68508E+11 1.79360E+11 1.77353E+11 1.74581E+11 1.71770E+11 1.69124E+11 1.66836E+11 1.64760E+11 1.63194E+11 1.61801E+11 1.60661E+11 % total
];

MAT_fuel_GSRC = [
0.00000E+00 0.00000E+00 0.00000E+00 0.00000E+00 0.00000E+00 0.00000E+00 0.00000E+00 0.00000E+00 0.00000E+00 0.00000E+00 0.00000E+00 0.00000E+00 0.00000E+00 0.00000E+00 % lost data
2.14317E+17 9.27002E+19 9.75780E+19 9.82661E+19 9.83842E+19 9.83552E+19 9.82909E+19 9.81554E+19 9.80001E+19 9.78235E+19 9.76446E+19 9.74829E+19 9.72798E+19 9.70801E+19 % total
];

MAT_fuel_ING_TOX = [
0.00000E+00 0.00000E+00 0.00000E+00 0.00000E+00 0.00000E+00 0.00000E+00 0.00000E+00 0.00000E+00 0.00000E+00 0.00000E+00 0.00000E+00 0.00000E+00 0.00000E+00 0.00000E+00 % lost data
9.19974E+10 1.22097E+11 1.43584E+11 1.70834E+11 1.79251E+11 1.83912E+11 1.87609E+11 1.90653E+11 1.93173E+11 1.95254E+11 1.96910E+11 1.98243E+11 1.99194E+11 1.99824E+11 % total
];

MAT_fuel_INH_TOX = [
0.00000E+00 0.00000E+00 0.00000E+00 0.00000E+00 0.00000E+00 0.00000E+00 0.00000E+00 0.00000E+00 0.00000E+00 0.00000E+00 0.00000E+00 0.00000E+00 0.00000E+00 0.00000E+00 % lost data
4.41036E+13 4.48358E+13 5.01283E+13 6.12611E+13 6.43312E+13 6.59976E+13 6.73350E+13 6.84180E+13 6.92772E+13 6.99454E+13 7.04234E+13 7.07553E+13 7.09231E+13 7.09473E+13 % total
];

TOT_VOLUME = [ 3.12079E+06 3.12079E+06 3.12079E+06 3.12079E+06 3.12079E+06 3.12079E+06 3.12079E+06 3.12079E+06 3.12079E+06 3.12079E+06 3.12079E+06 3.12079E+06 3.12079E+06 3.12079E+06 ];

TOT_BURNUP = [ 0.00000E+00 1.00000E-01 1.00000E+00 6.00001E+00 1.20000E+01 1.80000E+01 2.40000E+01 3.00000E+01 3.60000E+01 4.20000E+01 4.80000E+01 5.40001E+01 6.00001E+01 6.60000E+01 ];

TOT_ADENS = [
0.00000E+00 0.00000E+00 0.00000E+00 0.00000E+00 0.00000E+00 0.00000E+00 0.00000E+00 0.00000E+00 0.00000E+00 0.00000E+00 0.00000E+00 0.00000E+00 0.00000E+00 0.00000E+00 % lost data
6.33208E-02 6.33241E-02 6.33560E-02 6.35538E-02 6.38030E-02 6.40528E-02 6.43019E-02 6.45501E-02 6.47971E-02 6.50429E-02 6.52874E-02 6.55307E-02 6.57727E-02 6.60134E-02 % total
];

TOT_MASS = [
0.00000E+00 0.00000E+00 0.00000E+00 0.00000E+00 0.00000E+00 0.00000E+00 0.00000E+00 0.00000E+00 0.00000E+00 0.00000E+00 0.00000E+00 0.00000E+00 0.00000E+00 0.00000E+00 % lost data
4.15689E+07 4.15689E+07 4.15688E+07 4.15681E+07 4.15672E+07 4.15664E+07 4.15656E+07 4.15647E+07 4.15639E+07 4.15630E+07 4.15622E+07 4.15613E+07 4.15605E+07 4.15597E+07 % total
];

TOT_A = [
0.00000E+00 0.00000E+00 0.00000E+00 0.00000E+00 0.00000E+00 0.00000E+00 0.00000E+00 0.00000E+00 0.00000E+00 0.00000E+00 0.00000E+00 0.00000E+00 0.00000E+00 0.00000E+00 % lost data
2.89889E+18 8.85354E+19 9.47656E+19 9.80015E+19 9.83703E+19 9.81784E+19 9.78858E+19 9.75224E+19 9.71512E+19 9.67800E+19 9.64191E+19 9.60936E+19 9.57470E+19 9.54136E+19 % total
];

TOT_H = [
0.00000E+00 0.00000E+00 0.00000E+00 0.00000E+00 0.00000E+00 0.00000E+00 0.00000E+00 0.00000E+00 0.00000E+00 0.00000E+00 0.00000E+00 0.00000E+00 0.00000E+00 0.00000E+00 % lost data
3.41853E+05 2.37527E+07 2.52277E+07 2.70343E+07 2.72160E+07 2.71400E+07 2.70327E+07 2.69111E+07 2.67866E+07 2.66625E+07 2.65387E+07 2.64192E+07 2.63008E+07 2.61826E+07 % total
];

TOT_SF = [
0.00000E+00 0.00000E+00 0.00000E+00 0.00000E+00 0.00000E+00 0.00000E+00 0.00000E+00 0.00000E+00 0.00000E+00 0.00000E+00 0.00000E+00 0.00000E+00 0.00000E+00 0.00000E+00 % lost data
1.11351E+09 7.98507E+09 6.39746E+10 1.68508E+11 1.79360E+11 1.77353E+11 1.74581E+11 1.71770E+11 1.69124E+11 1.66836E+11 1.64760E+11 1.63194E+11 1.61801E+11 1.60661E+11 % total
];

TOT_GSRC = [
0.00000E+00 0.00000E+00 0.00000E+00 0.00000E+00 0.00000E+00 0.00000E+00 0.00000E+00 0.00000E+00 0.00000E+00 0.00000E+00 0.00000E+00 0.00000E+00 0.00000E+00 0.00000E+00 % lost data
2.14317E+17 9.27002E+19 9.75780E+19 9.82661E+19 9.83842E+19 9.83552E+19 9.82909E+19 9.81554E+19 9.80001E+19 9.78235E+19 9.76446E+19 9.74829E+19 9.72798E+19 9.70801E+19 % total
];

TOT_ING_TOX = [
0.00000E+00 0.00000E+00 0.00000E+00 0.00000E+00 0.00000E+00 0.00000E+00 0.00000E+00 0.00000E+00 0.00000E+00 0.00000E+00 0.00000E+00 0.00000E+00 0.00000E+00 0.00000E+00 % lost data
9.19974E+10 1.22097E+11 1.43584E+11 1.70834E+11 1.79251E+11 1.83912E+11 1.87609E+11 1.90653E+11 1.93173E+11 1.95254E+11 1.96910E+11 1.98243E+11 1.99194E+11 1.99824E+11 % total
];

TOT_INH_TOX = [
0.00000E+00 0.00000E+00 0.00000E+00 0.00000E+00 0.00000E+00 0.00000E+00 0.00000E+00 0.00000E+00 0.00000E+00 0.00000E+00 0.00000E+00 0.00000E+00 0.00000E+00 0.00000E+00 % lost data
4.41036E+13 4.48358E+13 5.01283E+13 6.12611E+13 6.43312E+13 6.59976E+13 6.73350E+13 6.84180E+13 6.92772E+13 6.99454E+13 7.04234E+13 7.07553E+13 7.09231E+13 7.09473E+13 % total
];

BU = [ 0.00000E+00 1.00000E-01 1.00000E+00 6.00000E+00 1.20000E+01 1.80000E+01 2.40000E+01 3.00000E+01 3.60000E+01 4.20000E+01 4.80000E+01 5.40000E+01 6.00000E+01 6.60000E+01 ];

DAYS = [ 0.00000E+00 9.77938E+00 9.77938E+01 5.86763E+02 1.17353E+03 1.76029E+03 2.34705E+03 2.93381E+03 3.52058E+03 4.10734E+03 4.69410E+03 5.28086E+03 5.86763E+03 6.45439E+03 ];
