
ZAI = [
666
0
];

NAMES = [
'lost            '
'total           '
];

iLOST    = 1;
iTOT     = 2;

MAT_fuel_VOLUME = [ 3.12079E+06 3.12079E+06 3.12079E+06 3.12079E+06 3.12079E+06 3.12079E+06 3.12079E+06 3.12079E+06 3.12079E+06 3.12079E+06 3.12079E+06 3.12079E+06 3.12079E+06 3.12079E+06 ];

MAT_fuel_BURNUP = [ 0.00000E+00 1.00000E-01 9.99998E-01 5.99998E+00 1.20000E+01 1.80000E+01 2.40000E+01 3.00000E+01 3.60000E+01 4.20000E+01 4.80000E+01 5.40001E+01 6.00001E+01 6.60001E+01 ];

MAT_fuel_ADENS = [
0.00000E+00 0.00000E+00 0.00000E+00 0.00000E+00 0.00000E+00 0.00000E+00 0.00000E+00 0.00000E+00 0.00000E+00 0.00000E+00 0.00000E+00 0.00000E+00 0.00000E+00 0.00000E+00 % lost data
6.33208E-02 6.33242E-02 6.33560E-02 6.35539E-02 6.38031E-02 6.40531E-02 6.43022E-02 6.45504E-02 6.47974E-02 6.50432E-02 6.52878E-02 6.55311E-02 6.57731E-02 6.60138E-02 % total
];

MAT_fuel_MDENS = [
0.00000E+00 0.00000E+00 0.00000E+00 0.00000E+00 0.00000E+00 0.00000E+00 0.00000E+00 0.00000E+00 0.00000E+00 0.00000E+00 0.00000E+00 0.00000E+00 0.00000E+00 0.00000E+00 % lost data
1.33200E+01 1.33200E+01 1.33200E+01 1.33197E+01 1.33195E+01 1.33192E+01 1.33189E+01 1.33187E+01 1.33184E+01 1.33181E+01 1.33178E+01 1.33176E+01 1.33173E+01 1.33170E+01 % total
];

MAT_fuel_A = [
0.00000E+00 0.00000E+00 0.00000E+00 0.00000E+00 0.00000E+00 0.00000E+00 0.00000E+00 0.00000E+00 0.00000E+00 0.00000E+00 0.00000E+00 0.00000E+00 0.00000E+00 0.00000E+00 % lost data
2.89479E+18 8.85598E+19 9.47854E+19 9.80780E+19 9.84019E+19 9.82433E+19 9.79166E+19 9.75305E+19 9.71778E+19 9.68118E+19 9.64743E+19 9.60996E+19 9.57448E+19 9.54624E+19 % total
];

MAT_fuel_H = [
0.00000E+00 0.00000E+00 0.00000E+00 0.00000E+00 0.00000E+00 0.00000E+00 0.00000E+00 0.00000E+00 0.00000E+00 0.00000E+00 0.00000E+00 0.00000E+00 0.00000E+00 0.00000E+00 % lost data
3.41673E+05 2.37561E+07 2.52309E+07 2.70472E+07 2.72209E+07 2.71514E+07 2.70367E+07 2.69144E+07 2.67896E+07 2.66653E+07 2.65443E+07 2.64218E+07 2.63010E+07 2.61903E+07 % total
];

MAT_fuel_SF = [
0.00000E+00 0.00000E+00 0.00000E+00 0.00000E+00 0.00000E+00 0.00000E+00 0.00000E+00 0.00000E+00 0.00000E+00 0.00000E+00 0.00000E+00 0.00000E+00 0.00000E+00 0.00000E+00 % lost data
1.11178E+09 7.99432E+09 6.39843E+10 1.68843E+11 1.79438E+11 1.77685E+11 1.74647E+11 1.71686E+11 1.69194E+11 1.66847E+11 1.65059E+11 1.63181E+11 1.61682E+11 1.60799E+11 % total
];

MAT_fuel_GSRC = [
0.00000E+00 0.00000E+00 0.00000E+00 0.00000E+00 0.00000E+00 0.00000E+00 0.00000E+00 0.00000E+00 0.00000E+00 0.00000E+00 0.00000E+00 0.00000E+00 0.00000E+00 0.00000E+00 % lost data
2.14294E+17 9.27287E+19 9.76082E+19 9.83531E+19 9.84251E+19 9.84268E+19 9.83322E+19 9.81689E+19 9.80350E+19 9.78653E+19 9.77064E+19 9.74921E+19 9.72820E+19 9.71336E+19 % total
];

MAT_fuel_ING_TOX = [
0.00000E+00 0.00000E+00 0.00000E+00 0.00000E+00 0.00000E+00 0.00000E+00 0.00000E+00 0.00000E+00 0.00000E+00 0.00000E+00 0.00000E+00 0.00000E+00 0.00000E+00 0.00000E+00 % lost data
9.19326E+10 1.22044E+11 1.43531E+11 1.70874E+11 1.79231E+11 1.83960E+11 1.87600E+11 1.90602E+11 1.93161E+11 1.95232E+11 1.96958E+11 1.98207E+11 1.99132E+11 1.99830E+11 % total
];

MAT_fuel_INH_TOX = [
0.00000E+00 0.00000E+00 0.00000E+00 0.00000E+00 0.00000E+00 0.00000E+00 0.00000E+00 0.00000E+00 0.00000E+00 0.00000E+00 0.00000E+00 0.00000E+00 0.00000E+00 0.00000E+00 % lost data
4.40726E+13 4.48059E+13 5.00984E+13 6.12662E+13 6.43148E+13 6.60092E+13 6.73235E+13 6.83914E+13 6.92643E+13 6.99273E+13 7.04343E+13 7.07368E+13 7.08932E+13 7.09422E+13 % total
];

TOT_VOLUME = [ 3.12079E+06 3.12079E+06 3.12079E+06 3.12079E+06 3.12079E+06 3.12079E+06 3.12079E+06 3.12079E+06 3.12079E+06 3.12079E+06 3.12079E+06 3.12079E+06 3.12079E+06 3.12079E+06 ];

TOT_BURNUP = [ 0.00000E+00 1.00000E-01 9.99998E-01 5.99998E+00 1.20000E+01 1.80000E+01 2.40000E+01 3.00000E+01 3.60000E+01 4.20000E+01 4.80000E+01 5.40001E+01 6.00001E+01 6.60001E+01 ];

TOT_ADENS = [
0.00000E+00 0.00000E+00 0.00000E+00 0.00000E+00 0.00000E+00 0.00000E+00 0.00000E+00 0.00000E+00 0.00000E+00 0.00000E+00 0.00000E+00 0.00000E+00 0.00000E+00 0.00000E+00 % lost data
6.33208E-02 6.33242E-02 6.33560E-02 6.35539E-02 6.38031E-02 6.40531E-02 6.43022E-02 6.45504E-02 6.47974E-02 6.50432E-02 6.52878E-02 6.55311E-02 6.57731E-02 6.60138E-02 % total
];

TOT_MASS = [
0.00000E+00 0.00000E+00 0.00000E+00 0.00000E+00 0.00000E+00 0.00000E+00 0.00000E+00 0.00000E+00 0.00000E+00 0.00000E+00 0.00000E+00 0.00000E+00 0.00000E+00 0.00000E+00 % lost data
4.15689E+07 4.15689E+07 4.15688E+07 4.15681E+07 4.15672E+07 4.15664E+07 4.15656E+07 4.15647E+07 4.15639E+07 4.15630E+07 4.15622E+07 4.15614E+07 4.15605E+07 4.15597E+07 % total
];

TOT_A = [
0.00000E+00 0.00000E+00 0.00000E+00 0.00000E+00 0.00000E+00 0.00000E+00 0.00000E+00 0.00000E+00 0.00000E+00 0.00000E+00 0.00000E+00 0.00000E+00 0.00000E+00 0.00000E+00 % lost data
2.89479E+18 8.85598E+19 9.47854E+19 9.80780E+19 9.84019E+19 9.82433E+19 9.79166E+19 9.75305E+19 9.71778E+19 9.68118E+19 9.64743E+19 9.60996E+19 9.57448E+19 9.54624E+19 % total
];

TOT_H = [
0.00000E+00 0.00000E+00 0.00000E+00 0.00000E+00 0.00000E+00 0.00000E+00 0.00000E+00 0.00000E+00 0.00000E+00 0.00000E+00 0.00000E+00 0.00000E+00 0.00000E+00 0.00000E+00 % lost data
3.41673E+05 2.37561E+07 2.52309E+07 2.70472E+07 2.72209E+07 2.71514E+07 2.70367E+07 2.69144E+07 2.67896E+07 2.66653E+07 2.65443E+07 2.64218E+07 2.63010E+07 2.61903E+07 % total
];

TOT_SF = [
0.00000E+00 0.00000E+00 0.00000E+00 0.00000E+00 0.00000E+00 0.00000E+00 0.00000E+00 0.00000E+00 0.00000E+00 0.00000E+00 0.00000E+00 0.00000E+00 0.00000E+00 0.00000E+00 % lost data
1.11178E+09 7.99432E+09 6.39843E+10 1.68843E+11 1.79438E+11 1.77685E+11 1.74647E+11 1.71686E+11 1.69194E+11 1.66847E+11 1.65059E+11 1.63181E+11 1.61682E+11 1.60799E+11 % total
];

TOT_GSRC = [
0.00000E+00 0.00000E+00 0.00000E+00 0.00000E+00 0.00000E+00 0.00000E+00 0.00000E+00 0.00000E+00 0.00000E+00 0.00000E+00 0.00000E+00 0.00000E+00 0.00000E+00 0.00000E+00 % lost data
2.14294E+17 9.27287E+19 9.76082E+19 9.83531E+19 9.84251E+19 9.84268E+19 9.83322E+19 9.81689E+19 9.80350E+19 9.78653E+19 9.77064E+19 9.74921E+19 9.72820E+19 9.71336E+19 % total
];

TOT_ING_TOX = [
0.00000E+00 0.00000E+00 0.00000E+00 0.00000E+00 0.00000E+00 0.00000E+00 0.00000E+00 0.00000E+00 0.00000E+00 0.00000E+00 0.00000E+00 0.00000E+00 0.00000E+00 0.00000E+00 % lost data
9.19326E+10 1.22044E+11 1.43531E+11 1.70874E+11 1.79231E+11 1.83960E+11 1.87600E+11 1.90602E+11 1.93161E+11 1.95232E+11 1.96958E+11 1.98207E+11 1.99132E+11 1.99830E+11 % total
];

TOT_INH_TOX = [
0.00000E+00 0.00000E+00 0.00000E+00 0.00000E+00 0.00000E+00 0.00000E+00 0.00000E+00 0.00000E+00 0.00000E+00 0.00000E+00 0.00000E+00 0.00000E+00 0.00000E+00 0.00000E+00 % lost data
4.40726E+13 4.48059E+13 5.00984E+13 6.12662E+13 6.43148E+13 6.60092E+13 6.73235E+13 6.83914E+13 6.92643E+13 6.99273E+13 7.04343E+13 7.07368E+13 7.08932E+13 7.09422E+13 % total
];

BU = [ 0.00000E+00 1.00000E-01 1.00000E+00 6.00000E+00 1.20000E+01 1.80000E+01 2.40000E+01 3.00000E+01 3.60000E+01 4.20000E+01 4.80000E+01 5.40000E+01 6.00000E+01 6.60000E+01 ];

DAYS = [ 0.00000E+00 9.77937E+00 9.77937E+01 5.86762E+02 1.17352E+03 1.76029E+03 2.34705E+03 2.93381E+03 3.52057E+03 4.10734E+03 4.69410E+03 5.28086E+03 5.86762E+03 6.45439E+03 ];
