
ZAI = [
666
0
];

NAMES = [
'lost            '
'total           '
];

iLOST    = 1;
iTOT     = 2;

MAT_fuel_VOLUME = [ 3.12079E+06 3.12079E+06 3.12079E+06 3.12079E+06 3.12079E+06 3.12079E+06 3.12079E+06 3.12079E+06 3.12079E+06 3.12079E+06 3.12079E+06 3.12079E+06 3.12079E+06 3.12079E+06 ];

MAT_fuel_BURNUP = [ 0.00000E+00 9.99999E-02 9.99995E-01 6.00002E+00 1.20000E+01 1.80000E+01 2.40000E+01 3.00001E+01 3.60000E+01 4.20000E+01 4.80000E+01 5.40000E+01 6.00000E+01 6.60000E+01 ];

MAT_fuel_ADENS = [
0.00000E+00 0.00000E+00 0.00000E+00 0.00000E+00 0.00000E+00 0.00000E+00 0.00000E+00 0.00000E+00 0.00000E+00 0.00000E+00 0.00000E+00 0.00000E+00 0.00000E+00 0.00000E+00 % lost data
6.33237E-02 6.33271E-02 6.33590E-02 6.35586E-02 6.38102E-02 6.40621E-02 6.43130E-02 6.45625E-02 6.48105E-02 6.50571E-02 6.53022E-02 6.55459E-02 6.57880E-02 6.60287E-02 % total
];

MAT_fuel_MDENS = [
0.00000E+00 0.00000E+00 0.00000E+00 0.00000E+00 0.00000E+00 0.00000E+00 0.00000E+00 0.00000E+00 0.00000E+00 0.00000E+00 0.00000E+00 0.00000E+00 0.00000E+00 0.00000E+00 % lost data
1.33200E+01 1.33200E+01 1.33200E+01 1.33197E+01 1.33195E+01 1.33192E+01 1.33190E+01 1.33187E+01 1.33185E+01 1.33182E+01 1.33180E+01 1.33177E+01 1.33174E+01 1.33172E+01 % total
];

MAT_fuel_A = [
0.00000E+00 0.00000E+00 0.00000E+00 0.00000E+00 0.00000E+00 0.00000E+00 0.00000E+00 0.00000E+00 0.00000E+00 0.00000E+00 0.00000E+00 0.00000E+00 0.00000E+00 0.00000E+00 % lost data
2.75532E+18 8.99075E+19 9.62520E+19 9.97102E+19 9.99662E+19 9.96162E+19 9.91868E+19 9.86608E+19 9.81672E+19 9.76999E+19 9.72471E+19 9.68802E+19 9.64272E+19 9.59900E+19 % total
];

MAT_fuel_H = [
0.00000E+00 0.00000E+00 0.00000E+00 0.00000E+00 0.00000E+00 0.00000E+00 0.00000E+00 0.00000E+00 0.00000E+00 0.00000E+00 0.00000E+00 0.00000E+00 0.00000E+00 0.00000E+00 % lost data
3.35577E+05 2.39028E+07 2.54365E+07 2.73746E+07 2.75342E+07 2.74196E+07 2.72723E+07 2.71108E+07 2.69566E+07 2.68043E+07 2.66614E+07 2.65264E+07 2.63860E+07 2.62462E+07 % total
];

MAT_fuel_SF = [
0.00000E+00 0.00000E+00 0.00000E+00 0.00000E+00 0.00000E+00 0.00000E+00 0.00000E+00 0.00000E+00 0.00000E+00 0.00000E+00 0.00000E+00 0.00000E+00 0.00000E+00 0.00000E+00 % lost data
1.05321E+09 8.29927E+09 6.72988E+10 1.76973E+11 1.86992E+11 1.83672E+11 1.79766E+11 1.75673E+11 1.72188E+11 1.69115E+11 1.66421E+11 1.64486E+11 1.62457E+11 1.60710E+11 % total
];

MAT_fuel_GSRC = [
0.00000E+00 0.00000E+00 0.00000E+00 0.00000E+00 0.00000E+00 0.00000E+00 0.00000E+00 0.00000E+00 0.00000E+00 0.00000E+00 0.00000E+00 0.00000E+00 0.00000E+00 0.00000E+00 % lost data
2.13503E+17 9.43746E+19 9.93567E+19 1.00197E+20 1.00203E+20 1.00016E+20 9.98194E+19 9.95219E+19 9.92397E+19 9.89701E+19 9.86910E+19 9.84888E+19 9.81731E+19 9.78650E+19 % total
];

MAT_fuel_ING_TOX = [
0.00000E+00 0.00000E+00 0.00000E+00 0.00000E+00 0.00000E+00 0.00000E+00 0.00000E+00 0.00000E+00 0.00000E+00 0.00000E+00 0.00000E+00 0.00000E+00 0.00000E+00 0.00000E+00 % lost data
8.97305E+10 1.20453E+11 1.42580E+11 1.71128E+11 1.79655E+11 1.84235E+11 1.87828E+11 1.90660E+11 1.93021E+11 1.94928E+11 1.96410E+11 1.97627E+11 1.98363E+11 1.98766E+11 % total
];

MAT_fuel_INH_TOX = [
0.00000E+00 0.00000E+00 0.00000E+00 0.00000E+00 0.00000E+00 0.00000E+00 0.00000E+00 0.00000E+00 0.00000E+00 0.00000E+00 0.00000E+00 0.00000E+00 0.00000E+00 0.00000E+00 % lost data
4.30185E+13 4.37909E+13 4.93762E+13 6.11076E+13 6.42381E+13 6.58840E+13 6.71856E+13 6.81880E+13 6.89871E+13 6.95827E+13 6.99912E+13 7.02701E+13 7.03515E+13 7.02844E+13 % total
];

TOT_VOLUME = [ 3.12079E+06 3.12079E+06 3.12079E+06 3.12079E+06 3.12079E+06 3.12079E+06 3.12079E+06 3.12079E+06 3.12079E+06 3.12079E+06 3.12079E+06 3.12079E+06 3.12079E+06 3.12079E+06 ];

TOT_BURNUP = [ 0.00000E+00 9.99999E-02 9.99995E-01 6.00002E+00 1.20000E+01 1.80000E+01 2.40000E+01 3.00001E+01 3.60000E+01 4.20000E+01 4.80000E+01 5.40000E+01 6.00000E+01 6.60000E+01 ];

TOT_ADENS = [
0.00000E+00 0.00000E+00 0.00000E+00 0.00000E+00 0.00000E+00 0.00000E+00 0.00000E+00 0.00000E+00 0.00000E+00 0.00000E+00 0.00000E+00 0.00000E+00 0.00000E+00 0.00000E+00 % lost data
6.33237E-02 6.33271E-02 6.33590E-02 6.35586E-02 6.38102E-02 6.40621E-02 6.43130E-02 6.45625E-02 6.48105E-02 6.50571E-02 6.53022E-02 6.55459E-02 6.57880E-02 6.60287E-02 % total
];

TOT_MASS = [
0.00000E+00 0.00000E+00 0.00000E+00 0.00000E+00 0.00000E+00 0.00000E+00 0.00000E+00 0.00000E+00 0.00000E+00 0.00000E+00 0.00000E+00 0.00000E+00 0.00000E+00 0.00000E+00 % lost data
4.15689E+07 4.15689E+07 4.15688E+07 4.15681E+07 4.15674E+07 4.15666E+07 4.15658E+07 4.15650E+07 4.15642E+07 4.15634E+07 4.15626E+07 4.15618E+07 4.15609E+07 4.15601E+07 % total
];

TOT_A = [
0.00000E+00 0.00000E+00 0.00000E+00 0.00000E+00 0.00000E+00 0.00000E+00 0.00000E+00 0.00000E+00 0.00000E+00 0.00000E+00 0.00000E+00 0.00000E+00 0.00000E+00 0.00000E+00 % lost data
2.75532E+18 8.99075E+19 9.62520E+19 9.97102E+19 9.99662E+19 9.96162E+19 9.91868E+19 9.86608E+19 9.81672E+19 9.76999E+19 9.72471E+19 9.68802E+19 9.64272E+19 9.59900E+19 % total
];

TOT_H = [
0.00000E+00 0.00000E+00 0.00000E+00 0.00000E+00 0.00000E+00 0.00000E+00 0.00000E+00 0.00000E+00 0.00000E+00 0.00000E+00 0.00000E+00 0.00000E+00 0.00000E+00 0.00000E+00 % lost data
3.35577E+05 2.39028E+07 2.54365E+07 2.73746E+07 2.75342E+07 2.74196E+07 2.72723E+07 2.71108E+07 2.69566E+07 2.68043E+07 2.66614E+07 2.65264E+07 2.63860E+07 2.62462E+07 % total
];

TOT_SF = [
0.00000E+00 0.00000E+00 0.00000E+00 0.00000E+00 0.00000E+00 0.00000E+00 0.00000E+00 0.00000E+00 0.00000E+00 0.00000E+00 0.00000E+00 0.00000E+00 0.00000E+00 0.00000E+00 % lost data
1.05321E+09 8.29927E+09 6.72988E+10 1.76973E+11 1.86992E+11 1.83672E+11 1.79766E+11 1.75673E+11 1.72188E+11 1.69115E+11 1.66421E+11 1.64486E+11 1.62457E+11 1.60710E+11 % total
];

TOT_GSRC = [
0.00000E+00 0.00000E+00 0.00000E+00 0.00000E+00 0.00000E+00 0.00000E+00 0.00000E+00 0.00000E+00 0.00000E+00 0.00000E+00 0.00000E+00 0.00000E+00 0.00000E+00 0.00000E+00 % lost data
2.13503E+17 9.43746E+19 9.93567E+19 1.00197E+20 1.00203E+20 1.00016E+20 9.98194E+19 9.95219E+19 9.92397E+19 9.89701E+19 9.86910E+19 9.84888E+19 9.81731E+19 9.78650E+19 % total
];

TOT_ING_TOX = [
0.00000E+00 0.00000E+00 0.00000E+00 0.00000E+00 0.00000E+00 0.00000E+00 0.00000E+00 0.00000E+00 0.00000E+00 0.00000E+00 0.00000E+00 0.00000E+00 0.00000E+00 0.00000E+00 % lost data
8.97305E+10 1.20453E+11 1.42580E+11 1.71128E+11 1.79655E+11 1.84235E+11 1.87828E+11 1.90660E+11 1.93021E+11 1.94928E+11 1.96410E+11 1.97627E+11 1.98363E+11 1.98766E+11 % total
];

TOT_INH_TOX = [
0.00000E+00 0.00000E+00 0.00000E+00 0.00000E+00 0.00000E+00 0.00000E+00 0.00000E+00 0.00000E+00 0.00000E+00 0.00000E+00 0.00000E+00 0.00000E+00 0.00000E+00 0.00000E+00 % lost data
4.30185E+13 4.37909E+13 4.93762E+13 6.11076E+13 6.42381E+13 6.58840E+13 6.71856E+13 6.81880E+13 6.89871E+13 6.95827E+13 6.99912E+13 7.02701E+13 7.03515E+13 7.02844E+13 % total
];

BU = [ 0.00000E+00 1.00000E-01 1.00000E+00 6.00000E+00 1.20000E+01 1.80000E+01 2.40000E+01 3.00000E+01 3.60000E+01 4.20000E+01 4.80000E+01 5.40000E+01 6.00000E+01 6.60000E+01 ];

DAYS = [ 0.00000E+00 9.77935E+00 9.77935E+01 5.86761E+02 1.17352E+03 1.76028E+03 2.34704E+03 2.93380E+03 3.52056E+03 4.10733E+03 4.69409E+03 5.28085E+03 5.86761E+03 6.45437E+03 ];
