
ZAI = [
666
0
];

NAMES = [
'lost            '
'total           '
];

iLOST    = 1;
iTOT     = 2;

MAT_fuel_VOLUME = [ 7.02800E+01 7.02800E+01 7.02800E+01 7.02800E+01 7.02800E+01 7.02800E+01 7.02800E+01 7.02800E+01 7.02800E+01 7.02800E+01 7.02800E+01 7.02800E+01 7.02800E+01 7.02800E+01 ];

MAT_fuel_BURNUP = [ 0.00000E+00 1.00001E-01 9.99947E-01 5.99995E+00 1.20002E+01 1.80002E+01 2.40002E+01 3.00000E+01 3.60001E+01 4.20001E+01 4.80000E+01 5.40000E+01 6.00000E+01 6.60000E+01 ];

MAT_fuel_ADENS = [
0.00000E+00 0.00000E+00 0.00000E+00 0.00000E+00 0.00000E+00 0.00000E+00 0.00000E+00 0.00000E+00 0.00000E+00 0.00000E+00 0.00000E+00 0.00000E+00 0.00000E+00 0.00000E+00 % lost data
6.41797E-02 6.41832E-02 6.42163E-02 6.44245E-02 6.46831E-02 6.49413E-02 6.51986E-02 6.54546E-02 6.57093E-02 6.59626E-02 6.62147E-02 6.64650E-02 6.67141E-02 6.69618E-02 % total
];

MAT_fuel_MDENS = [
0.00000E+00 0.00000E+00 0.00000E+00 0.00000E+00 0.00000E+00 0.00000E+00 0.00000E+00 0.00000E+00 0.00000E+00 0.00000E+00 0.00000E+00 0.00000E+00 0.00000E+00 0.00000E+00 % lost data
1.35000E+01 1.35000E+01 1.35000E+01 1.34997E+01 1.34995E+01 1.34992E+01 1.34990E+01 1.34987E+01 1.34984E+01 1.34982E+01 1.34979E+01 1.34976E+01 1.34974E+01 1.34971E+01 % total
];

MAT_fuel_A = [
0.00000E+00 0.00000E+00 0.00000E+00 0.00000E+00 0.00000E+00 0.00000E+00 0.00000E+00 0.00000E+00 0.00000E+00 0.00000E+00 0.00000E+00 0.00000E+00 0.00000E+00 0.00000E+00 % lost data
6.26542E+13 1.52955E+15 1.62433E+15 1.68316E+15 1.67767E+15 1.67056E+15 1.66140E+15 1.65221E+15 1.64303E+15 1.63464E+15 1.62894E+15 1.61877E+15 1.61512E+15 1.60831E+15 % total
];

MAT_fuel_H = [
0.00000E+00 0.00000E+00 0.00000E+00 0.00000E+00 0.00000E+00 0.00000E+00 0.00000E+00 0.00000E+00 0.00000E+00 0.00000E+00 0.00000E+00 0.00000E+00 0.00000E+00 0.00000E+00 % lost data
7.64908E+00 4.03676E+02 4.31860E+02 4.62091E+02 4.61968E+02 4.59994E+02 4.57475E+02 4.55196E+02 4.52579E+02 4.50162E+02 4.48228E+02 4.45384E+02 4.43715E+02 4.41587E+02 % total
];

MAT_fuel_SF = [
0.00000E+00 0.00000E+00 0.00000E+00 0.00000E+00 0.00000E+00 0.00000E+00 0.00000E+00 0.00000E+00 0.00000E+00 0.00000E+00 0.00000E+00 0.00000E+00 0.00000E+00 0.00000E+00 % lost data
2.39404E+04 1.89260E+05 1.39354E+06 3.10875E+06 3.14116E+06 3.09851E+06 3.04644E+06 3.00189E+06 2.95400E+06 2.92023E+06 2.89889E+06 2.85733E+06 2.85543E+06 2.84411E+06 % total
];

MAT_fuel_GSRC = [
0.00000E+00 0.00000E+00 0.00000E+00 0.00000E+00 0.00000E+00 0.00000E+00 0.00000E+00 0.00000E+00 0.00000E+00 0.00000E+00 0.00000E+00 0.00000E+00 0.00000E+00 0.00000E+00 % lost data
4.87172E+12 1.59261E+15 1.65167E+15 1.67269E+15 1.66792E+15 1.66625E+15 1.66251E+15 1.65780E+15 1.65315E+15 1.64831E+15 1.64599E+15 1.63883E+15 1.63778E+15 1.63308E+15 % total
];

MAT_fuel_ING_TOX = [
0.00000E+00 0.00000E+00 0.00000E+00 0.00000E+00 0.00000E+00 0.00000E+00 0.00000E+00 0.00000E+00 0.00000E+00 0.00000E+00 0.00000E+00 0.00000E+00 0.00000E+00 0.00000E+00 % lost data
2.04434E+06 2.60093E+06 2.98589E+06 3.47365E+06 3.61453E+06 3.71695E+06 3.80000E+06 3.86985E+06 3.92590E+06 3.97245E+06 4.01153E+06 4.03390E+06 4.05723E+06 4.06899E+06 % total
];

MAT_fuel_INH_TOX = [
0.00000E+00 0.00000E+00 0.00000E+00 0.00000E+00 0.00000E+00 0.00000E+00 0.00000E+00 0.00000E+00 0.00000E+00 0.00000E+00 0.00000E+00 0.00000E+00 0.00000E+00 0.00000E+00 % lost data
9.80098E+08 9.97126E+08 1.11159E+09 1.30941E+09 1.36217E+09 1.40167E+09 1.43365E+09 1.46012E+09 1.48031E+09 1.49631E+09 1.50866E+09 1.51413E+09 1.51931E+09 1.51981E+09 % total
];

TOT_VOLUME = [ 7.02800E+01 7.02800E+01 7.02800E+01 7.02800E+01 7.02800E+01 7.02800E+01 7.02800E+01 7.02800E+01 7.02800E+01 7.02800E+01 7.02800E+01 7.02800E+01 7.02800E+01 7.02800E+01 ];

TOT_BURNUP = [ 0.00000E+00 1.00001E-01 9.99947E-01 5.99995E+00 1.20002E+01 1.80002E+01 2.40002E+01 3.00000E+01 3.60001E+01 4.20001E+01 4.80000E+01 5.40000E+01 6.00000E+01 6.60000E+01 ];

TOT_ADENS = [
0.00000E+00 0.00000E+00 0.00000E+00 0.00000E+00 0.00000E+00 0.00000E+00 0.00000E+00 0.00000E+00 0.00000E+00 0.00000E+00 0.00000E+00 0.00000E+00 0.00000E+00 0.00000E+00 % lost data
6.41797E-02 6.41832E-02 6.42163E-02 6.44245E-02 6.46831E-02 6.49413E-02 6.51986E-02 6.54546E-02 6.57093E-02 6.59626E-02 6.62147E-02 6.64650E-02 6.67141E-02 6.69618E-02 % total
];

TOT_MASS = [
0.00000E+00 0.00000E+00 0.00000E+00 0.00000E+00 0.00000E+00 0.00000E+00 0.00000E+00 0.00000E+00 0.00000E+00 0.00000E+00 0.00000E+00 0.00000E+00 0.00000E+00 0.00000E+00 % lost data
9.48780E+02 9.48780E+02 9.48777E+02 9.48762E+02 9.48743E+02 9.48725E+02 9.48706E+02 9.48688E+02 9.48669E+02 9.48651E+02 9.48632E+02 9.48613E+02 9.48594E+02 9.48575E+02 % total
];

TOT_A = [
0.00000E+00 0.00000E+00 0.00000E+00 0.00000E+00 0.00000E+00 0.00000E+00 0.00000E+00 0.00000E+00 0.00000E+00 0.00000E+00 0.00000E+00 0.00000E+00 0.00000E+00 0.00000E+00 % lost data
6.26542E+13 1.52955E+15 1.62433E+15 1.68316E+15 1.67767E+15 1.67056E+15 1.66140E+15 1.65221E+15 1.64303E+15 1.63464E+15 1.62894E+15 1.61877E+15 1.61512E+15 1.60831E+15 % total
];

TOT_H = [
0.00000E+00 0.00000E+00 0.00000E+00 0.00000E+00 0.00000E+00 0.00000E+00 0.00000E+00 0.00000E+00 0.00000E+00 0.00000E+00 0.00000E+00 0.00000E+00 0.00000E+00 0.00000E+00 % lost data
7.64908E+00 4.03676E+02 4.31860E+02 4.62091E+02 4.61968E+02 4.59994E+02 4.57475E+02 4.55196E+02 4.52579E+02 4.50162E+02 4.48228E+02 4.45384E+02 4.43715E+02 4.41587E+02 % total
];

TOT_SF = [
0.00000E+00 0.00000E+00 0.00000E+00 0.00000E+00 0.00000E+00 0.00000E+00 0.00000E+00 0.00000E+00 0.00000E+00 0.00000E+00 0.00000E+00 0.00000E+00 0.00000E+00 0.00000E+00 % lost data
2.39404E+04 1.89260E+05 1.39354E+06 3.10875E+06 3.14116E+06 3.09851E+06 3.04644E+06 3.00189E+06 2.95400E+06 2.92023E+06 2.89889E+06 2.85733E+06 2.85543E+06 2.84411E+06 % total
];

TOT_GSRC = [
0.00000E+00 0.00000E+00 0.00000E+00 0.00000E+00 0.00000E+00 0.00000E+00 0.00000E+00 0.00000E+00 0.00000E+00 0.00000E+00 0.00000E+00 0.00000E+00 0.00000E+00 0.00000E+00 % lost data
4.87172E+12 1.59261E+15 1.65167E+15 1.67269E+15 1.66792E+15 1.66625E+15 1.66251E+15 1.65780E+15 1.65315E+15 1.64831E+15 1.64599E+15 1.63883E+15 1.63778E+15 1.63308E+15 % total
];

TOT_ING_TOX = [
0.00000E+00 0.00000E+00 0.00000E+00 0.00000E+00 0.00000E+00 0.00000E+00 0.00000E+00 0.00000E+00 0.00000E+00 0.00000E+00 0.00000E+00 0.00000E+00 0.00000E+00 0.00000E+00 % lost data
2.04434E+06 2.60093E+06 2.98589E+06 3.47365E+06 3.61453E+06 3.71695E+06 3.80000E+06 3.86985E+06 3.92590E+06 3.97245E+06 4.01153E+06 4.03390E+06 4.05723E+06 4.06899E+06 % total
];

TOT_INH_TOX = [
0.00000E+00 0.00000E+00 0.00000E+00 0.00000E+00 0.00000E+00 0.00000E+00 0.00000E+00 0.00000E+00 0.00000E+00 0.00000E+00 0.00000E+00 0.00000E+00 0.00000E+00 0.00000E+00 % lost data
9.80098E+08 9.97126E+08 1.11159E+09 1.30941E+09 1.36217E+09 1.40167E+09 1.43365E+09 1.46012E+09 1.48031E+09 1.49631E+09 1.50866E+09 1.51413E+09 1.51931E+09 1.51981E+09 % total
];

BU = [ 0.00000E+00 1.00000E-01 1.00000E+00 6.00000E+00 1.20000E+01 1.80000E+01 2.40000E+01 3.00000E+01 3.60000E+01 4.20000E+01 4.80000E+01 5.40000E+01 6.00000E+01 6.60000E+01 ];

DAYS = [ 0.00000E+00 1.33814E+01 1.33814E+02 8.02886E+02 1.60577E+03 2.40866E+03 3.21154E+03 4.01443E+03 4.81732E+03 5.62020E+03 6.42309E+03 7.22597E+03 8.02886E+03 8.83175E+03 ];
