
ZAI = [
666
0
];

NAMES = [
'lost            '
'total           '
];

iLOST    = 1;
iTOT     = 2;

MAT_fuel_VOLUME = [ 7.02800E+01 7.02800E+01 7.02800E+01 7.02800E+01 7.02800E+01 7.02800E+01 7.02800E+01 7.02800E+01 7.02800E+01 7.02800E+01 7.02800E+01 7.02800E+01 7.02800E+01 7.02800E+01 ];

MAT_fuel_BURNUP = [ 0.00000E+00 1.00001E-01 1.00006E+00 5.99998E+00 1.19997E+01 1.79999E+01 2.39999E+01 3.00000E+01 3.59999E+01 4.20000E+01 4.79999E+01 5.39999E+01 6.00000E+01 6.60000E+01 ];

MAT_fuel_ADENS = [
0.00000E+00 0.00000E+00 0.00000E+00 0.00000E+00 0.00000E+00 0.00000E+00 0.00000E+00 0.00000E+00 0.00000E+00 0.00000E+00 0.00000E+00 0.00000E+00 0.00000E+00 0.00000E+00 % lost data
6.41782E-02 6.41816E-02 6.42148E-02 6.44221E-02 6.46795E-02 6.49369E-02 6.51936E-02 6.54492E-02 6.57037E-02 6.59569E-02 6.62088E-02 6.64593E-02 6.67085E-02 6.69562E-02 % total
];

MAT_fuel_MDENS = [
0.00000E+00 0.00000E+00 0.00000E+00 0.00000E+00 0.00000E+00 0.00000E+00 0.00000E+00 0.00000E+00 0.00000E+00 0.00000E+00 0.00000E+00 0.00000E+00 0.00000E+00 0.00000E+00 % lost data
1.35000E+01 1.35000E+01 1.35000E+01 1.34997E+01 1.34995E+01 1.34992E+01 1.34989E+01 1.34986E+01 1.34984E+01 1.34981E+01 1.34978E+01 1.34976E+01 1.34973E+01 1.34970E+01 % total
];

MAT_fuel_A = [
0.00000E+00 0.00000E+00 0.00000E+00 0.00000E+00 0.00000E+00 0.00000E+00 0.00000E+00 0.00000E+00 0.00000E+00 0.00000E+00 0.00000E+00 0.00000E+00 0.00000E+00 0.00000E+00 % lost data
6.42926E+13 1.51723E+15 1.62222E+15 1.66713E+15 1.66501E+15 1.65967E+15 1.65297E+15 1.64414E+15 1.63620E+15 1.62998E+15 1.62166E+15 1.61530E+15 1.61015E+15 1.60310E+15 % total
];

MAT_fuel_H = [
0.00000E+00 0.00000E+00 0.00000E+00 0.00000E+00 0.00000E+00 0.00000E+00 0.00000E+00 0.00000E+00 0.00000E+00 0.00000E+00 0.00000E+00 0.00000E+00 0.00000E+00 0.00000E+00 % lost data
7.72069E+00 4.02364E+02 4.30944E+02 4.59061E+02 4.59482E+02 4.58010E+02 4.56003E+02 4.53824E+02 4.51591E+02 4.49491E+02 4.47194E+02 4.45068E+02 4.43224E+02 4.41054E+02 % total
];

MAT_fuel_SF = [
0.00000E+00 0.00000E+00 0.00000E+00 0.00000E+00 0.00000E+00 0.00000E+00 0.00000E+00 0.00000E+00 0.00000E+00 0.00000E+00 0.00000E+00 0.00000E+00 0.00000E+00 0.00000E+00 % lost data
2.46285E+04 1.85274E+05 1.38359E+06 3.02593E+06 3.07194E+06 3.05115E+06 3.01328E+06 2.97435E+06 2.93796E+06 2.91145E+06 2.88322E+06 2.86267E+06 2.85453E+06 2.83923E+06 % total
];

MAT_fuel_GSRC = [
0.00000E+00 0.00000E+00 0.00000E+00 0.00000E+00 0.00000E+00 0.00000E+00 0.00000E+00 0.00000E+00 0.00000E+00 0.00000E+00 0.00000E+00 0.00000E+00 0.00000E+00 0.00000E+00 % lost data
4.88101E+12 1.57696E+15 1.64788E+15 1.65419E+15 1.65333E+15 1.65309E+15 1.65204E+15 1.64783E+15 1.64421E+15 1.64198E+15 1.63676E+15 1.63348E+15 1.63101E+15 1.62610E+15 % total
];

MAT_fuel_ING_TOX = [
0.00000E+00 0.00000E+00 0.00000E+00 0.00000E+00 0.00000E+00 0.00000E+00 0.00000E+00 0.00000E+00 0.00000E+00 0.00000E+00 0.00000E+00 0.00000E+00 0.00000E+00 0.00000E+00 % lost data
2.07021E+06 2.62068E+06 3.00846E+06 3.47395E+06 3.61518E+06 3.71977E+06 3.80514E+06 3.87564E+06 3.93420E+06 3.98345E+06 4.02027E+06 4.04900E+06 4.07148E+06 4.08275E+06 % total
];

MAT_fuel_INH_TOX = [
0.00000E+00 0.00000E+00 0.00000E+00 0.00000E+00 0.00000E+00 0.00000E+00 0.00000E+00 0.00000E+00 0.00000E+00 0.00000E+00 0.00000E+00 0.00000E+00 0.00000E+00 0.00000E+00 % lost data
9.92481E+08 1.00902E+09 1.12290E+09 1.31237E+09 1.36467E+09 1.40508E+09 1.43781E+09 1.46449E+09 1.48576E+09 1.50269E+09 1.51446E+09 1.52236E+09 1.52734E+09 1.52769E+09 % total
];

TOT_VOLUME = [ 7.02800E+01 7.02800E+01 7.02800E+01 7.02800E+01 7.02800E+01 7.02800E+01 7.02800E+01 7.02800E+01 7.02800E+01 7.02800E+01 7.02800E+01 7.02800E+01 7.02800E+01 7.02800E+01 ];

TOT_BURNUP = [ 0.00000E+00 1.00001E-01 1.00006E+00 5.99998E+00 1.19997E+01 1.79999E+01 2.39999E+01 3.00000E+01 3.59999E+01 4.20000E+01 4.79999E+01 5.39999E+01 6.00000E+01 6.60000E+01 ];

TOT_ADENS = [
0.00000E+00 0.00000E+00 0.00000E+00 0.00000E+00 0.00000E+00 0.00000E+00 0.00000E+00 0.00000E+00 0.00000E+00 0.00000E+00 0.00000E+00 0.00000E+00 0.00000E+00 0.00000E+00 % lost data
6.41782E-02 6.41816E-02 6.42148E-02 6.44221E-02 6.46795E-02 6.49369E-02 6.51936E-02 6.54492E-02 6.57037E-02 6.59569E-02 6.62088E-02 6.64593E-02 6.67085E-02 6.69562E-02 % total
];

TOT_MASS = [
0.00000E+00 0.00000E+00 0.00000E+00 0.00000E+00 0.00000E+00 0.00000E+00 0.00000E+00 0.00000E+00 0.00000E+00 0.00000E+00 0.00000E+00 0.00000E+00 0.00000E+00 0.00000E+00 % lost data
9.48780E+02 9.48780E+02 9.48777E+02 9.48761E+02 9.48742E+02 9.48723E+02 9.48704E+02 9.48685E+02 9.48666E+02 9.48647E+02 9.48628E+02 9.48608E+02 9.48589E+02 9.48570E+02 % total
];

TOT_A = [
0.00000E+00 0.00000E+00 0.00000E+00 0.00000E+00 0.00000E+00 0.00000E+00 0.00000E+00 0.00000E+00 0.00000E+00 0.00000E+00 0.00000E+00 0.00000E+00 0.00000E+00 0.00000E+00 % lost data
6.42926E+13 1.51723E+15 1.62222E+15 1.66713E+15 1.66501E+15 1.65967E+15 1.65297E+15 1.64414E+15 1.63620E+15 1.62998E+15 1.62166E+15 1.61530E+15 1.61015E+15 1.60310E+15 % total
];

TOT_H = [
0.00000E+00 0.00000E+00 0.00000E+00 0.00000E+00 0.00000E+00 0.00000E+00 0.00000E+00 0.00000E+00 0.00000E+00 0.00000E+00 0.00000E+00 0.00000E+00 0.00000E+00 0.00000E+00 % lost data
7.72069E+00 4.02364E+02 4.30944E+02 4.59061E+02 4.59482E+02 4.58010E+02 4.56003E+02 4.53824E+02 4.51591E+02 4.49491E+02 4.47194E+02 4.45068E+02 4.43224E+02 4.41054E+02 % total
];

TOT_SF = [
0.00000E+00 0.00000E+00 0.00000E+00 0.00000E+00 0.00000E+00 0.00000E+00 0.00000E+00 0.00000E+00 0.00000E+00 0.00000E+00 0.00000E+00 0.00000E+00 0.00000E+00 0.00000E+00 % lost data
2.46285E+04 1.85274E+05 1.38359E+06 3.02593E+06 3.07194E+06 3.05115E+06 3.01328E+06 2.97435E+06 2.93796E+06 2.91145E+06 2.88322E+06 2.86267E+06 2.85453E+06 2.83923E+06 % total
];

TOT_GSRC = [
0.00000E+00 0.00000E+00 0.00000E+00 0.00000E+00 0.00000E+00 0.00000E+00 0.00000E+00 0.00000E+00 0.00000E+00 0.00000E+00 0.00000E+00 0.00000E+00 0.00000E+00 0.00000E+00 % lost data
4.88101E+12 1.57696E+15 1.64788E+15 1.65419E+15 1.65333E+15 1.65309E+15 1.65204E+15 1.64783E+15 1.64421E+15 1.64198E+15 1.63676E+15 1.63348E+15 1.63101E+15 1.62610E+15 % total
];

TOT_ING_TOX = [
0.00000E+00 0.00000E+00 0.00000E+00 0.00000E+00 0.00000E+00 0.00000E+00 0.00000E+00 0.00000E+00 0.00000E+00 0.00000E+00 0.00000E+00 0.00000E+00 0.00000E+00 0.00000E+00 % lost data
2.07021E+06 2.62068E+06 3.00846E+06 3.47395E+06 3.61518E+06 3.71977E+06 3.80514E+06 3.87564E+06 3.93420E+06 3.98345E+06 4.02027E+06 4.04900E+06 4.07148E+06 4.08275E+06 % total
];

TOT_INH_TOX = [
0.00000E+00 0.00000E+00 0.00000E+00 0.00000E+00 0.00000E+00 0.00000E+00 0.00000E+00 0.00000E+00 0.00000E+00 0.00000E+00 0.00000E+00 0.00000E+00 0.00000E+00 0.00000E+00 % lost data
9.92481E+08 1.00902E+09 1.12290E+09 1.31237E+09 1.36467E+09 1.40508E+09 1.43781E+09 1.46449E+09 1.48576E+09 1.50269E+09 1.51446E+09 1.52236E+09 1.52734E+09 1.52769E+09 % total
];

BU = [ 0.00000E+00 1.00000E-01 1.00000E+00 6.00000E+00 1.20000E+01 1.80000E+01 2.40000E+01 3.00000E+01 3.60000E+01 4.20000E+01 4.80000E+01 5.40000E+01 6.00000E+01 6.60000E+01 ];

DAYS = [ 0.00000E+00 1.33815E+01 1.33815E+02 8.02887E+02 1.60577E+03 2.40866E+03 3.21155E+03 4.01444E+03 4.81732E+03 5.62021E+03 6.42310E+03 7.22598E+03 8.02887E+03 8.83176E+03 ];
