
ZAI = [
666
0
];

NAMES = [
'lost            '
'total           '
];

iLOST    = 1;
iTOT     = 2;

MAT_fuel_VOLUME = [ 7.02800E+01 7.02800E+01 7.02800E+01 7.02800E+01 7.02800E+01 7.02800E+01 7.02800E+01 7.02800E+01 7.02800E+01 7.02800E+01 7.02800E+01 7.02800E+01 7.02800E+01 7.02800E+01 ];

MAT_fuel_BURNUP = [ 0.00000E+00 9.99988E-02 1.00005E+00 5.99986E+00 1.19997E+01 1.79998E+01 2.39997E+01 2.99997E+01 3.59998E+01 4.19997E+01 4.79997E+01 5.39997E+01 5.99998E+01 6.59997E+01 ];

MAT_fuel_ADENS = [
0.00000E+00 0.00000E+00 0.00000E+00 0.00000E+00 0.00000E+00 0.00000E+00 0.00000E+00 0.00000E+00 0.00000E+00 0.00000E+00 0.00000E+00 0.00000E+00 0.00000E+00 0.00000E+00 % lost data
6.41674E-02 6.41708E-02 6.42037E-02 6.44060E-02 6.46571E-02 6.49092E-02 6.51616E-02 6.54138E-02 6.56659E-02 6.59174E-02 6.61682E-02 6.64183E-02 6.66675E-02 6.69157E-02 % total
];

MAT_fuel_MDENS = [
0.00000E+00 0.00000E+00 0.00000E+00 0.00000E+00 0.00000E+00 0.00000E+00 0.00000E+00 0.00000E+00 0.00000E+00 0.00000E+00 0.00000E+00 0.00000E+00 0.00000E+00 0.00000E+00 % lost data
1.35000E+01 1.35000E+01 1.34999E+01 1.34997E+01 1.34993E+01 1.34990E+01 1.34987E+01 1.34984E+01 1.34980E+01 1.34977E+01 1.34974E+01 1.34971E+01 1.34968E+01 1.34965E+01 % total
];

MAT_fuel_A = [
0.00000E+00 0.00000E+00 0.00000E+00 0.00000E+00 0.00000E+00 0.00000E+00 0.00000E+00 0.00000E+00 0.00000E+00 0.00000E+00 0.00000E+00 0.00000E+00 0.00000E+00 0.00000E+00 % lost data
7.59938E+13 1.45083E+15 1.54867E+15 1.58910E+15 1.59572E+15 1.59276E+15 1.59330E+15 1.58772E+15 1.58732E+15 1.58314E+15 1.57915E+15 1.57767E+15 1.57370E+15 1.57042E+15 % total
];

MAT_fuel_H = [
0.00000E+00 0.00000E+00 0.00000E+00 0.00000E+00 0.00000E+00 0.00000E+00 0.00000E+00 0.00000E+00 0.00000E+00 0.00000E+00 0.00000E+00 0.00000E+00 0.00000E+00 0.00000E+00 % lost data
8.23215E+00 3.94652E+02 4.19443E+02 4.43343E+02 4.45553E+02 4.45296E+02 4.45367E+02 4.44281E+02 4.43789E+02 4.42613E+02 4.41448E+02 4.40442E+02 4.39047E+02 4.37836E+02 % total
];

MAT_fuel_SF = [
0.00000E+00 0.00000E+00 0.00000E+00 0.00000E+00 0.00000E+00 0.00000E+00 0.00000E+00 0.00000E+00 0.00000E+00 0.00000E+00 0.00000E+00 0.00000E+00 0.00000E+00 0.00000E+00 % lost data
2.95432E+04 1.64065E+05 1.17160E+06 2.56995E+06 2.69815E+06 2.71721E+06 2.75312E+06 2.74875E+06 2.77422E+06 2.77907E+06 2.78032E+06 2.80084E+06 2.80560E+06 2.81829E+06 % total
];

MAT_fuel_GSRC = [
0.00000E+00 0.00000E+00 0.00000E+00 0.00000E+00 0.00000E+00 0.00000E+00 0.00000E+00 0.00000E+00 0.00000E+00 0.00000E+00 0.00000E+00 0.00000E+00 0.00000E+00 0.00000E+00 % lost data
4.94738E+12 1.49002E+15 1.55542E+15 1.56207E+15 1.57020E+15 1.57257E+15 1.57863E+15 1.57806E+15 1.58227E+15 1.58204E+15 1.58157E+15 1.58338E+15 1.58227E+15 1.58142E+15 % total
];

MAT_fuel_ING_TOX = [
0.00000E+00 0.00000E+00 0.00000E+00 0.00000E+00 0.00000E+00 0.00000E+00 0.00000E+00 0.00000E+00 0.00000E+00 0.00000E+00 0.00000E+00 0.00000E+00 0.00000E+00 0.00000E+00 % lost data
2.25496E+06 2.77165E+06 3.11945E+06 3.51911E+06 3.65853E+06 3.75563E+06 3.84674E+06 3.91767E+06 3.98721E+06 4.04203E+06 4.08696E+06 4.12829E+06 4.15714E+06 4.17985E+06 % total
];

MAT_fuel_INH_TOX = [
0.00000E+00 0.00000E+00 0.00000E+00 0.00000E+00 0.00000E+00 0.00000E+00 0.00000E+00 0.00000E+00 0.00000E+00 0.00000E+00 0.00000E+00 0.00000E+00 0.00000E+00 0.00000E+00 % lost data
1.08092E+09 1.09474E+09 1.18992E+09 1.34754E+09 1.39798E+09 1.43474E+09 1.46947E+09 1.49610E+09 1.52161E+09 1.54111E+09 1.55620E+09 1.56942E+09 1.57743E+09 1.58274E+09 % total
];

TOT_VOLUME = [ 7.02800E+01 7.02800E+01 7.02800E+01 7.02800E+01 7.02800E+01 7.02800E+01 7.02800E+01 7.02800E+01 7.02800E+01 7.02800E+01 7.02800E+01 7.02800E+01 7.02800E+01 7.02800E+01 ];

TOT_BURNUP = [ 0.00000E+00 9.99988E-02 1.00005E+00 5.99986E+00 1.19997E+01 1.79998E+01 2.39997E+01 2.99997E+01 3.59998E+01 4.19997E+01 4.79997E+01 5.39997E+01 5.99998E+01 6.59997E+01 ];

TOT_ADENS = [
0.00000E+00 0.00000E+00 0.00000E+00 0.00000E+00 0.00000E+00 0.00000E+00 0.00000E+00 0.00000E+00 0.00000E+00 0.00000E+00 0.00000E+00 0.00000E+00 0.00000E+00 0.00000E+00 % lost data
6.41674E-02 6.41708E-02 6.42037E-02 6.44060E-02 6.46571E-02 6.49092E-02 6.51616E-02 6.54138E-02 6.56659E-02 6.59174E-02 6.61682E-02 6.64183E-02 6.66675E-02 6.69157E-02 % total
];

TOT_MASS = [
0.00000E+00 0.00000E+00 0.00000E+00 0.00000E+00 0.00000E+00 0.00000E+00 0.00000E+00 0.00000E+00 0.00000E+00 0.00000E+00 0.00000E+00 0.00000E+00 0.00000E+00 0.00000E+00 % lost data
9.48780E+02 9.48780E+02 9.48776E+02 9.48756E+02 9.48732E+02 9.48709E+02 9.48687E+02 9.48664E+02 9.48642E+02 9.48620E+02 9.48598E+02 9.48577E+02 9.48555E+02 9.48534E+02 % total
];

TOT_A = [
0.00000E+00 0.00000E+00 0.00000E+00 0.00000E+00 0.00000E+00 0.00000E+00 0.00000E+00 0.00000E+00 0.00000E+00 0.00000E+00 0.00000E+00 0.00000E+00 0.00000E+00 0.00000E+00 % lost data
7.59938E+13 1.45083E+15 1.54867E+15 1.58910E+15 1.59572E+15 1.59276E+15 1.59330E+15 1.58772E+15 1.58732E+15 1.58314E+15 1.57915E+15 1.57767E+15 1.57370E+15 1.57042E+15 % total
];

TOT_H = [
0.00000E+00 0.00000E+00 0.00000E+00 0.00000E+00 0.00000E+00 0.00000E+00 0.00000E+00 0.00000E+00 0.00000E+00 0.00000E+00 0.00000E+00 0.00000E+00 0.00000E+00 0.00000E+00 % lost data
8.23215E+00 3.94652E+02 4.19443E+02 4.43343E+02 4.45553E+02 4.45296E+02 4.45367E+02 4.44281E+02 4.43789E+02 4.42613E+02 4.41448E+02 4.40442E+02 4.39047E+02 4.37836E+02 % total
];

TOT_SF = [
0.00000E+00 0.00000E+00 0.00000E+00 0.00000E+00 0.00000E+00 0.00000E+00 0.00000E+00 0.00000E+00 0.00000E+00 0.00000E+00 0.00000E+00 0.00000E+00 0.00000E+00 0.00000E+00 % lost data
2.95432E+04 1.64065E+05 1.17160E+06 2.56995E+06 2.69815E+06 2.71721E+06 2.75312E+06 2.74875E+06 2.77422E+06 2.77907E+06 2.78032E+06 2.80084E+06 2.80560E+06 2.81829E+06 % total
];

TOT_GSRC = [
0.00000E+00 0.00000E+00 0.00000E+00 0.00000E+00 0.00000E+00 0.00000E+00 0.00000E+00 0.00000E+00 0.00000E+00 0.00000E+00 0.00000E+00 0.00000E+00 0.00000E+00 0.00000E+00 % lost data
4.94738E+12 1.49002E+15 1.55542E+15 1.56207E+15 1.57020E+15 1.57257E+15 1.57863E+15 1.57806E+15 1.58227E+15 1.58204E+15 1.58157E+15 1.58338E+15 1.58227E+15 1.58142E+15 % total
];

TOT_ING_TOX = [
0.00000E+00 0.00000E+00 0.00000E+00 0.00000E+00 0.00000E+00 0.00000E+00 0.00000E+00 0.00000E+00 0.00000E+00 0.00000E+00 0.00000E+00 0.00000E+00 0.00000E+00 0.00000E+00 % lost data
2.25496E+06 2.77165E+06 3.11945E+06 3.51911E+06 3.65853E+06 3.75563E+06 3.84674E+06 3.91767E+06 3.98721E+06 4.04203E+06 4.08696E+06 4.12829E+06 4.15714E+06 4.17985E+06 % total
];

TOT_INH_TOX = [
0.00000E+00 0.00000E+00 0.00000E+00 0.00000E+00 0.00000E+00 0.00000E+00 0.00000E+00 0.00000E+00 0.00000E+00 0.00000E+00 0.00000E+00 0.00000E+00 0.00000E+00 0.00000E+00 % lost data
1.08092E+09 1.09474E+09 1.18992E+09 1.34754E+09 1.39798E+09 1.43474E+09 1.46947E+09 1.49610E+09 1.52161E+09 1.54111E+09 1.55620E+09 1.56942E+09 1.57743E+09 1.58274E+09 % total
];

BU = [ 0.00000E+00 1.00000E-01 1.00000E+00 6.00000E+00 1.20000E+01 1.80000E+01 2.40000E+01 3.00000E+01 3.60000E+01 4.20000E+01 4.80000E+01 5.40000E+01 6.00000E+01 6.60000E+01 ];

DAYS = [ 0.00000E+00 1.33816E+01 1.33816E+02 8.02896E+02 1.60579E+03 2.40869E+03 3.21158E+03 4.01448E+03 4.81737E+03 5.62027E+03 6.42317E+03 7.22606E+03 8.02896E+03 8.83185E+03 ];
