
ZAI = [
666
0
];

NAMES = [
'lost            '
'total           '
];

iLOST    = 1;
iTOT     = 2;

MAT_fuel_VOLUME = [ 7.02800E+01 7.02800E+01 7.02800E+01 7.02800E+01 7.02800E+01 7.02800E+01 7.02800E+01 7.02800E+01 7.02800E+01 7.02800E+01 7.02800E+01 7.02800E+01 7.02800E+01 7.02800E+01 ];

MAT_fuel_BURNUP = [ 0.00000E+00 1.00000E-01 9.99984E-01 6.00043E+00 1.20002E+01 1.80005E+01 2.40004E+01 3.00004E+01 3.60005E+01 4.20004E+01 4.80005E+01 5.40004E+01 6.00005E+01 6.60006E+01 ];

MAT_fuel_ADENS = [
0.00000E+00 0.00000E+00 0.00000E+00 0.00000E+00 0.00000E+00 0.00000E+00 0.00000E+00 0.00000E+00 0.00000E+00 0.00000E+00 0.00000E+00 0.00000E+00 0.00000E+00 0.00000E+00 % lost data
6.41803E-02 6.41838E-02 6.42170E-02 6.44253E-02 6.46843E-02 6.49429E-02 6.52003E-02 6.54566E-02 6.57117E-02 6.59651E-02 6.62172E-02 6.64676E-02 6.67167E-02 6.69642E-02 % total
];

MAT_fuel_MDENS = [
0.00000E+00 0.00000E+00 0.00000E+00 0.00000E+00 0.00000E+00 0.00000E+00 0.00000E+00 0.00000E+00 0.00000E+00 0.00000E+00 0.00000E+00 0.00000E+00 0.00000E+00 0.00000E+00 % lost data
1.35000E+01 1.35000E+01 1.35000E+01 1.34997E+01 1.34995E+01 1.34992E+01 1.34990E+01 1.34987E+01 1.34984E+01 1.34982E+01 1.34979E+01 1.34977E+01 1.34974E+01 1.34971E+01 % total
];

MAT_fuel_A = [
0.00000E+00 0.00000E+00 0.00000E+00 0.00000E+00 0.00000E+00 0.00000E+00 0.00000E+00 0.00000E+00 0.00000E+00 0.00000E+00 0.00000E+00 0.00000E+00 0.00000E+00 0.00000E+00 % lost data
6.19519E+13 1.53521E+15 1.62920E+15 1.68719E+15 1.68441E+15 1.67402E+15 1.66485E+15 1.65653E+15 1.64855E+15 1.63748E+15 1.63169E+15 1.62176E+15 1.61680E+15 1.60811E+15 % total
];

MAT_fuel_H = [
0.00000E+00 0.00000E+00 0.00000E+00 0.00000E+00 0.00000E+00 0.00000E+00 0.00000E+00 0.00000E+00 0.00000E+00 0.00000E+00 0.00000E+00 0.00000E+00 0.00000E+00 0.00000E+00 % lost data
7.61838E+00 4.04292E+02 4.32544E+02 4.63213E+02 4.63191E+02 4.60656E+02 4.58240E+02 4.55761E+02 4.53428E+02 4.50636E+02 4.48489E+02 4.45812E+02 4.43748E+02 4.41592E+02 % total
];

MAT_fuel_SF = [
0.00000E+00 0.00000E+00 0.00000E+00 0.00000E+00 0.00000E+00 0.00000E+00 0.00000E+00 0.00000E+00 0.00000E+00 0.00000E+00 0.00000E+00 0.00000E+00 0.00000E+00 0.00000E+00 % lost data
2.36454E+04 1.91161E+05 1.41448E+06 3.10620E+06 3.17942E+06 3.11577E+06 3.06009E+06 3.01978E+06 2.97699E+06 2.92785E+06 2.90038E+06 2.86635E+06 2.85627E+06 2.83414E+06 % total
];

MAT_fuel_GSRC = [
0.00000E+00 0.00000E+00 0.00000E+00 0.00000E+00 0.00000E+00 0.00000E+00 0.00000E+00 0.00000E+00 0.00000E+00 0.00000E+00 0.00000E+00 0.00000E+00 0.00000E+00 0.00000E+00 % lost data
4.86774E+12 1.59966E+15 1.65732E+15 1.67813E+15 1.67557E+15 1.67050E+15 1.66667E+15 1.66316E+15 1.65955E+15 1.65191E+15 1.64978E+15 1.64246E+15 1.64026E+15 1.63340E+15 % total
];

MAT_fuel_ING_TOX = [
0.00000E+00 0.00000E+00 0.00000E+00 0.00000E+00 0.00000E+00 0.00000E+00 0.00000E+00 0.00000E+00 0.00000E+00 0.00000E+00 0.00000E+00 0.00000E+00 0.00000E+00 0.00000E+00 % lost data
2.03325E+06 2.59261E+06 2.98096E+06 3.46409E+06 3.61558E+06 3.71382E+06 3.79665E+06 3.86866E+06 3.92672E+06 3.96960E+06 4.00724E+06 4.03110E+06 4.05224E+06 4.06020E+06 % total
];

MAT_fuel_INH_TOX = [
0.00000E+00 0.00000E+00 0.00000E+00 0.00000E+00 0.00000E+00 0.00000E+00 0.00000E+00 0.00000E+00 0.00000E+00 0.00000E+00 0.00000E+00 0.00000E+00 0.00000E+00 0.00000E+00 % lost data
9.74789E+08 9.92047E+08 1.10836E+09 1.30410E+09 1.36149E+09 1.39949E+09 1.43143E+09 1.45860E+09 1.47961E+09 1.49431E+09 1.50592E+09 1.51213E+09 1.51635E+09 1.51552E+09 % total
];

TOT_VOLUME = [ 7.02800E+01 7.02800E+01 7.02800E+01 7.02800E+01 7.02800E+01 7.02800E+01 7.02800E+01 7.02800E+01 7.02800E+01 7.02800E+01 7.02800E+01 7.02800E+01 7.02800E+01 7.02800E+01 ];

TOT_BURNUP = [ 0.00000E+00 1.00000E-01 9.99984E-01 6.00043E+00 1.20002E+01 1.80005E+01 2.40004E+01 3.00004E+01 3.60005E+01 4.20004E+01 4.80005E+01 5.40004E+01 6.00005E+01 6.60006E+01 ];

TOT_ADENS = [
0.00000E+00 0.00000E+00 0.00000E+00 0.00000E+00 0.00000E+00 0.00000E+00 0.00000E+00 0.00000E+00 0.00000E+00 0.00000E+00 0.00000E+00 0.00000E+00 0.00000E+00 0.00000E+00 % lost data
6.41803E-02 6.41838E-02 6.42170E-02 6.44253E-02 6.46843E-02 6.49429E-02 6.52003E-02 6.54566E-02 6.57117E-02 6.59651E-02 6.62172E-02 6.64676E-02 6.67167E-02 6.69642E-02 % total
];

TOT_MASS = [
0.00000E+00 0.00000E+00 0.00000E+00 0.00000E+00 0.00000E+00 0.00000E+00 0.00000E+00 0.00000E+00 0.00000E+00 0.00000E+00 0.00000E+00 0.00000E+00 0.00000E+00 0.00000E+00 % lost data
9.48780E+02 9.48780E+02 9.48777E+02 9.48762E+02 9.48744E+02 9.48726E+02 9.48707E+02 9.48689E+02 9.48671E+02 9.48652E+02 9.48634E+02 9.48615E+02 9.48596E+02 9.48577E+02 % total
];

TOT_A = [
0.00000E+00 0.00000E+00 0.00000E+00 0.00000E+00 0.00000E+00 0.00000E+00 0.00000E+00 0.00000E+00 0.00000E+00 0.00000E+00 0.00000E+00 0.00000E+00 0.00000E+00 0.00000E+00 % lost data
6.19519E+13 1.53521E+15 1.62920E+15 1.68719E+15 1.68441E+15 1.67402E+15 1.66485E+15 1.65653E+15 1.64855E+15 1.63748E+15 1.63169E+15 1.62176E+15 1.61680E+15 1.60811E+15 % total
];

TOT_H = [
0.00000E+00 0.00000E+00 0.00000E+00 0.00000E+00 0.00000E+00 0.00000E+00 0.00000E+00 0.00000E+00 0.00000E+00 0.00000E+00 0.00000E+00 0.00000E+00 0.00000E+00 0.00000E+00 % lost data
7.61838E+00 4.04292E+02 4.32544E+02 4.63213E+02 4.63191E+02 4.60656E+02 4.58240E+02 4.55761E+02 4.53428E+02 4.50636E+02 4.48489E+02 4.45812E+02 4.43748E+02 4.41592E+02 % total
];

TOT_SF = [
0.00000E+00 0.00000E+00 0.00000E+00 0.00000E+00 0.00000E+00 0.00000E+00 0.00000E+00 0.00000E+00 0.00000E+00 0.00000E+00 0.00000E+00 0.00000E+00 0.00000E+00 0.00000E+00 % lost data
2.36454E+04 1.91161E+05 1.41448E+06 3.10620E+06 3.17942E+06 3.11577E+06 3.06009E+06 3.01978E+06 2.97699E+06 2.92785E+06 2.90038E+06 2.86635E+06 2.85627E+06 2.83414E+06 % total
];

TOT_GSRC = [
0.00000E+00 0.00000E+00 0.00000E+00 0.00000E+00 0.00000E+00 0.00000E+00 0.00000E+00 0.00000E+00 0.00000E+00 0.00000E+00 0.00000E+00 0.00000E+00 0.00000E+00 0.00000E+00 % lost data
4.86774E+12 1.59966E+15 1.65732E+15 1.67813E+15 1.67557E+15 1.67050E+15 1.66667E+15 1.66316E+15 1.65955E+15 1.65191E+15 1.64978E+15 1.64246E+15 1.64026E+15 1.63340E+15 % total
];

TOT_ING_TOX = [
0.00000E+00 0.00000E+00 0.00000E+00 0.00000E+00 0.00000E+00 0.00000E+00 0.00000E+00 0.00000E+00 0.00000E+00 0.00000E+00 0.00000E+00 0.00000E+00 0.00000E+00 0.00000E+00 % lost data
2.03325E+06 2.59261E+06 2.98096E+06 3.46409E+06 3.61558E+06 3.71382E+06 3.79665E+06 3.86866E+06 3.92672E+06 3.96960E+06 4.00724E+06 4.03110E+06 4.05224E+06 4.06020E+06 % total
];

TOT_INH_TOX = [
0.00000E+00 0.00000E+00 0.00000E+00 0.00000E+00 0.00000E+00 0.00000E+00 0.00000E+00 0.00000E+00 0.00000E+00 0.00000E+00 0.00000E+00 0.00000E+00 0.00000E+00 0.00000E+00 % lost data
9.74789E+08 9.92047E+08 1.10836E+09 1.30410E+09 1.36149E+09 1.39949E+09 1.43143E+09 1.45860E+09 1.47961E+09 1.49431E+09 1.50592E+09 1.51213E+09 1.51635E+09 1.51552E+09 % total
];

BU = [ 0.00000E+00 1.00000E-01 1.00000E+00 6.00000E+00 1.20000E+01 1.80000E+01 2.40000E+01 3.00000E+01 3.60000E+01 4.20000E+01 4.80000E+01 5.40000E+01 6.00000E+01 6.60000E+01 ];

DAYS = [ 0.00000E+00 1.33814E+01 1.33814E+02 8.02886E+02 1.60577E+03 2.40866E+03 3.21154E+03 4.01443E+03 4.81731E+03 5.62020E+03 6.42308E+03 7.22597E+03 8.02886E+03 8.83174E+03 ];
