
ZAI = [
666
0
];

NAMES = [
'lost            '
'total           '
];

iLOST    = 1;
iTOT     = 2;

MAT_fuel_VOLUME = [ 3.12079E+06 3.12079E+06 3.12079E+06 3.12079E+06 3.12079E+06 3.12079E+06 3.12079E+06 3.12079E+06 3.12079E+06 3.12079E+06 3.12079E+06 3.12079E+06 3.12079E+06 3.12079E+06 ];

MAT_fuel_BURNUP = [ 0.00000E+00 9.99994E-02 9.99999E-01 6.00000E+00 1.20000E+01 1.80000E+01 2.40001E+01 3.00001E+01 3.60001E+01 4.20000E+01 4.80000E+01 5.40000E+01 6.00000E+01 6.60000E+01 ];

MAT_fuel_ADENS = [
0.00000E+00 0.00000E+00 0.00000E+00 0.00000E+00 0.00000E+00 0.00000E+00 0.00000E+00 0.00000E+00 0.00000E+00 0.00000E+00 0.00000E+00 0.00000E+00 0.00000E+00 0.00000E+00 % lost data
6.33195E-02 6.33229E-02 6.33546E-02 6.35518E-02 6.37999E-02 6.40489E-02 6.42973E-02 6.45449E-02 6.47915E-02 6.50370E-02 6.52812E-02 6.55244E-02 6.57662E-02 6.60069E-02 % total
];

MAT_fuel_MDENS = [
0.00000E+00 0.00000E+00 0.00000E+00 0.00000E+00 0.00000E+00 0.00000E+00 0.00000E+00 0.00000E+00 0.00000E+00 0.00000E+00 0.00000E+00 0.00000E+00 0.00000E+00 0.00000E+00 % lost data
1.33200E+01 1.33200E+01 1.33200E+01 1.33197E+01 1.33194E+01 1.33192E+01 1.33189E+01 1.33186E+01 1.33183E+01 1.33181E+01 1.33178E+01 1.33175E+01 1.33172E+01 1.33170E+01 % total
];

MAT_fuel_A = [
0.00000E+00 0.00000E+00 0.00000E+00 0.00000E+00 0.00000E+00 0.00000E+00 0.00000E+00 0.00000E+00 0.00000E+00 0.00000E+00 0.00000E+00 0.00000E+00 0.00000E+00 0.00000E+00 % lost data
2.96042E+18 8.79891E+19 9.41732E+19 9.73279E+19 9.76945E+19 9.75906E+19 9.73498E+19 9.70681E+19 9.67170E+19 9.64038E+19 9.60350E+19 9.57681E+19 9.54427E+19 9.51722E+19 % total
];

MAT_fuel_H = [
0.00000E+00 0.00000E+00 0.00000E+00 0.00000E+00 0.00000E+00 0.00000E+00 0.00000E+00 0.00000E+00 0.00000E+00 0.00000E+00 0.00000E+00 0.00000E+00 0.00000E+00 0.00000E+00 % lost data
3.44542E+05 2.36923E+07 2.51411E+07 2.69005E+07 2.70809E+07 2.70277E+07 2.69325E+07 2.68298E+07 2.67136E+07 2.66010E+07 2.64823E+07 2.63735E+07 2.62591E+07 2.61549E+07 % total
];

MAT_fuel_SF = [
0.00000E+00 0.00000E+00 0.00000E+00 0.00000E+00 0.00000E+00 0.00000E+00 0.00000E+00 0.00000E+00 0.00000E+00 0.00000E+00 0.00000E+00 0.00000E+00 0.00000E+00 0.00000E+00 % lost data
1.13935E+09 7.86126E+09 6.26477E+10 1.65080E+11 1.75963E+11 1.74651E+11 1.72419E+11 1.70135E+11 1.67805E+11 1.65824E+11 1.63885E+11 1.62657E+11 1.61389E+11 1.60699E+11 % total
];

MAT_fuel_GSRC = [
0.00000E+00 0.00000E+00 0.00000E+00 0.00000E+00 0.00000E+00 0.00000E+00 0.00000E+00 0.00000E+00 0.00000E+00 0.00000E+00 0.00000E+00 0.00000E+00 0.00000E+00 0.00000E+00 % lost data
2.14666E+17 9.20295E+19 9.68676E+19 9.75015E+19 9.76194E+19 9.76746E+19 9.76610E+19 9.76087E+19 9.74702E+19 9.73583E+19 9.71639E+19 9.70645E+19 9.68859E+19 9.67473E+19 % total
];

MAT_fuel_ING_TOX = [
0.00000E+00 0.00000E+00 0.00000E+00 0.00000E+00 0.00000E+00 0.00000E+00 0.00000E+00 0.00000E+00 0.00000E+00 0.00000E+00 0.00000E+00 0.00000E+00 0.00000E+00 0.00000E+00 % lost data
9.29688E+10 1.22819E+11 1.44053E+11 1.70776E+11 1.79065E+11 1.83790E+11 1.87545E+11 1.90681E+11 1.93248E+11 1.95408E+11 1.97088E+11 1.98526E+11 1.99530E+11 2.00299E+11 % total
];

MAT_fuel_INH_TOX = [
0.00000E+00 0.00000E+00 0.00000E+00 0.00000E+00 0.00000E+00 0.00000E+00 0.00000E+00 0.00000E+00 0.00000E+00 0.00000E+00 0.00000E+00 0.00000E+00 0.00000E+00 0.00000E+00 % lost data
4.45687E+13 4.52847E+13 5.04602E+13 6.13495E+13 6.43621E+13 6.60493E+13 6.74086E+13 6.85245E+13 6.94054E+13 7.01024E+13 7.05967E+13 7.09687E+13 7.11588E+13 7.12406E+13 % total
];

TOT_VOLUME = [ 3.12079E+06 3.12079E+06 3.12079E+06 3.12079E+06 3.12079E+06 3.12079E+06 3.12079E+06 3.12079E+06 3.12079E+06 3.12079E+06 3.12079E+06 3.12079E+06 3.12079E+06 3.12079E+06 ];

TOT_BURNUP = [ 0.00000E+00 9.99994E-02 9.99999E-01 6.00000E+00 1.20000E+01 1.80000E+01 2.40001E+01 3.00001E+01 3.60001E+01 4.20000E+01 4.80000E+01 5.40000E+01 6.00000E+01 6.60000E+01 ];

TOT_ADENS = [
0.00000E+00 0.00000E+00 0.00000E+00 0.00000E+00 0.00000E+00 0.00000E+00 0.00000E+00 0.00000E+00 0.00000E+00 0.00000E+00 0.00000E+00 0.00000E+00 0.00000E+00 0.00000E+00 % lost data
6.33195E-02 6.33229E-02 6.33546E-02 6.35518E-02 6.37999E-02 6.40489E-02 6.42973E-02 6.45449E-02 6.47915E-02 6.50370E-02 6.52812E-02 6.55244E-02 6.57662E-02 6.60069E-02 % total
];

TOT_MASS = [
0.00000E+00 0.00000E+00 0.00000E+00 0.00000E+00 0.00000E+00 0.00000E+00 0.00000E+00 0.00000E+00 0.00000E+00 0.00000E+00 0.00000E+00 0.00000E+00 0.00000E+00 0.00000E+00 % lost data
4.15689E+07 4.15689E+07 4.15688E+07 4.15680E+07 4.15672E+07 4.15663E+07 4.15655E+07 4.15646E+07 4.15637E+07 4.15629E+07 4.15620E+07 4.15612E+07 4.15603E+07 4.15595E+07 % total
];

TOT_A = [
0.00000E+00 0.00000E+00 0.00000E+00 0.00000E+00 0.00000E+00 0.00000E+00 0.00000E+00 0.00000E+00 0.00000E+00 0.00000E+00 0.00000E+00 0.00000E+00 0.00000E+00 0.00000E+00 % lost data
2.96042E+18 8.79891E+19 9.41732E+19 9.73279E+19 9.76945E+19 9.75906E+19 9.73498E+19 9.70681E+19 9.67170E+19 9.64038E+19 9.60350E+19 9.57681E+19 9.54427E+19 9.51722E+19 % total
];

TOT_H = [
0.00000E+00 0.00000E+00 0.00000E+00 0.00000E+00 0.00000E+00 0.00000E+00 0.00000E+00 0.00000E+00 0.00000E+00 0.00000E+00 0.00000E+00 0.00000E+00 0.00000E+00 0.00000E+00 % lost data
3.44542E+05 2.36923E+07 2.51411E+07 2.69005E+07 2.70809E+07 2.70277E+07 2.69325E+07 2.68298E+07 2.67136E+07 2.66010E+07 2.64823E+07 2.63735E+07 2.62591E+07 2.61549E+07 % total
];

TOT_SF = [
0.00000E+00 0.00000E+00 0.00000E+00 0.00000E+00 0.00000E+00 0.00000E+00 0.00000E+00 0.00000E+00 0.00000E+00 0.00000E+00 0.00000E+00 0.00000E+00 0.00000E+00 0.00000E+00 % lost data
1.13935E+09 7.86126E+09 6.26477E+10 1.65080E+11 1.75963E+11 1.74651E+11 1.72419E+11 1.70135E+11 1.67805E+11 1.65824E+11 1.63885E+11 1.62657E+11 1.61389E+11 1.60699E+11 % total
];

TOT_GSRC = [
0.00000E+00 0.00000E+00 0.00000E+00 0.00000E+00 0.00000E+00 0.00000E+00 0.00000E+00 0.00000E+00 0.00000E+00 0.00000E+00 0.00000E+00 0.00000E+00 0.00000E+00 0.00000E+00 % lost data
2.14666E+17 9.20295E+19 9.68676E+19 9.75015E+19 9.76194E+19 9.76746E+19 9.76610E+19 9.76087E+19 9.74702E+19 9.73583E+19 9.71639E+19 9.70645E+19 9.68859E+19 9.67473E+19 % total
];

TOT_ING_TOX = [
0.00000E+00 0.00000E+00 0.00000E+00 0.00000E+00 0.00000E+00 0.00000E+00 0.00000E+00 0.00000E+00 0.00000E+00 0.00000E+00 0.00000E+00 0.00000E+00 0.00000E+00 0.00000E+00 % lost data
9.29688E+10 1.22819E+11 1.44053E+11 1.70776E+11 1.79065E+11 1.83790E+11 1.87545E+11 1.90681E+11 1.93248E+11 1.95408E+11 1.97088E+11 1.98526E+11 1.99530E+11 2.00299E+11 % total
];

TOT_INH_TOX = [
0.00000E+00 0.00000E+00 0.00000E+00 0.00000E+00 0.00000E+00 0.00000E+00 0.00000E+00 0.00000E+00 0.00000E+00 0.00000E+00 0.00000E+00 0.00000E+00 0.00000E+00 0.00000E+00 % lost data
4.45687E+13 4.52847E+13 5.04602E+13 6.13495E+13 6.43621E+13 6.60493E+13 6.74086E+13 6.85245E+13 6.94054E+13 7.01024E+13 7.05967E+13 7.09687E+13 7.11588E+13 7.12406E+13 % total
];

BU = [ 0.00000E+00 1.00000E-01 1.00000E+00 6.00000E+00 1.20000E+01 1.80000E+01 2.40000E+01 3.00000E+01 3.60000E+01 4.20000E+01 4.80000E+01 5.40000E+01 6.00000E+01 6.60000E+01 ];

DAYS = [ 0.00000E+00 9.77939E+00 9.77939E+01 5.86763E+02 1.17353E+03 1.76029E+03 2.34705E+03 2.93382E+03 3.52058E+03 4.10734E+03 4.69411E+03 5.28087E+03 5.86763E+03 6.45440E+03 ];
