
ZAI = [
666
0
];

NAMES = [
'lost            '
'total           '
];

iLOST    = 1;
iTOT     = 2;

MAT_fuel_VOLUME = [ 3.12079E+06 3.12079E+06 3.12079E+06 3.12079E+06 3.12079E+06 3.12079E+06 3.12079E+06 3.12079E+06 3.12079E+06 3.12079E+06 3.12079E+06 3.12079E+06 3.12079E+06 3.12079E+06 ];

MAT_fuel_BURNUP = [ 0.00000E+00 1.00000E-01 1.00000E+00 6.00001E+00 1.20001E+01 1.80001E+01 2.40001E+01 3.00001E+01 3.60001E+01 4.20002E+01 4.80002E+01 5.40002E+01 6.00002E+01 6.60003E+01 ];

MAT_fuel_ADENS = [
0.00000E+00 0.00000E+00 0.00000E+00 0.00000E+00 0.00000E+00 0.00000E+00 0.00000E+00 0.00000E+00 0.00000E+00 0.00000E+00 0.00000E+00 0.00000E+00 0.00000E+00 0.00000E+00 % lost data
6.33246E-02 6.33280E-02 6.33599E-02 6.35600E-02 6.38124E-02 6.40649E-02 6.43163E-02 6.45661E-02 6.48145E-02 6.50612E-02 6.53065E-02 6.55502E-02 6.57924E-02 6.60331E-02 % total
];

MAT_fuel_MDENS = [
0.00000E+00 0.00000E+00 0.00000E+00 0.00000E+00 0.00000E+00 0.00000E+00 0.00000E+00 0.00000E+00 0.00000E+00 0.00000E+00 0.00000E+00 0.00000E+00 0.00000E+00 0.00000E+00 % lost data
1.33200E+01 1.33200E+01 1.33200E+01 1.33198E+01 1.33195E+01 1.33193E+01 1.33190E+01 1.33188E+01 1.33185E+01 1.33183E+01 1.33180E+01 1.33177E+01 1.33175E+01 1.33172E+01 % total
];

MAT_fuel_A = [
0.00000E+00 0.00000E+00 0.00000E+00 0.00000E+00 0.00000E+00 0.00000E+00 0.00000E+00 0.00000E+00 0.00000E+00 0.00000E+00 0.00000E+00 0.00000E+00 0.00000E+00 0.00000E+00 % lost data
2.71430E+18 9.03370E+19 9.67006E+19 1.00237E+20 1.00479E+20 1.00052E+20 9.95345E+19 9.90088E+19 9.84611E+19 9.79641E+19 9.74675E+19 9.70387E+19 9.66303E+19 9.61889E+19 % total
];

MAT_fuel_H = [
0.00000E+00 0.00000E+00 0.00000E+00 0.00000E+00 0.00000E+00 0.00000E+00 0.00000E+00 0.00000E+00 0.00000E+00 0.00000E+00 0.00000E+00 0.00000E+00 0.00000E+00 0.00000E+00 % lost data
3.33784E+05 2.39499E+07 2.55010E+07 2.74790E+07 2.76365E+07 2.75051E+07 2.73390E+07 2.71727E+07 2.70047E+07 2.68489E+07 2.66925E+07 2.65462E+07 2.64084E+07 2.62703E+07 % total
];

MAT_fuel_SF = [
0.00000E+00 0.00000E+00 0.00000E+00 0.00000E+00 0.00000E+00 0.00000E+00 0.00000E+00 0.00000E+00 0.00000E+00 0.00000E+00 0.00000E+00 0.00000E+00 0.00000E+00 0.00000E+00 % lost data
1.03598E+09 8.39397E+09 6.82583E+10 1.79546E+11 1.89373E+11 1.85651E+11 1.80998E+11 1.76816E+11 1.72981E+11 1.69700E+11 1.66736E+11 1.64563E+11 1.62583E+11 1.60778E+11 % total
];

MAT_fuel_GSRC = [
0.00000E+00 0.00000E+00 0.00000E+00 0.00000E+00 0.00000E+00 0.00000E+00 0.00000E+00 0.00000E+00 0.00000E+00 0.00000E+00 0.00000E+00 0.00000E+00 0.00000E+00 0.00000E+00 % lost data
2.13270E+17 9.48951E+19 9.98914E+19 1.00790E+20 1.00784E+20 1.00513E+20 1.00232E+20 9.99381E+19 9.96019E+19 9.92979E+19 9.89780E+19 9.87060E+19 9.84429E+19 9.81252E+19 % total
];

MAT_fuel_ING_TOX = [
0.00000E+00 0.00000E+00 0.00000E+00 0.00000E+00 0.00000E+00 0.00000E+00 0.00000E+00 0.00000E+00 0.00000E+00 0.00000E+00 0.00000E+00 0.00000E+00 0.00000E+00 0.00000E+00 % lost data
8.90827E+10 1.19997E+11 1.42302E+11 1.71261E+11 1.79843E+11 1.84389E+11 1.87845E+11 1.90689E+11 1.92974E+11 1.94830E+11 1.96237E+11 1.97360E+11 1.98107E+11 1.98475E+11 % total
];

MAT_fuel_INH_TOX = [
0.00000E+00 0.00000E+00 0.00000E+00 0.00000E+00 0.00000E+00 0.00000E+00 0.00000E+00 0.00000E+00 0.00000E+00 0.00000E+00 0.00000E+00 0.00000E+00 0.00000E+00 0.00000E+00 % lost data
4.27085E+13 4.34929E+13 4.91622E+13 6.10804E+13 6.42366E+13 6.58770E+13 6.71247E+13 6.81299E+13 6.88997E+13 6.94759E+13 6.98542E+13 7.01006E+13 7.01776E+13 7.00953E+13 % total
];

TOT_VOLUME = [ 3.12079E+06 3.12079E+06 3.12079E+06 3.12079E+06 3.12079E+06 3.12079E+06 3.12079E+06 3.12079E+06 3.12079E+06 3.12079E+06 3.12079E+06 3.12079E+06 3.12079E+06 3.12079E+06 ];

TOT_BURNUP = [ 0.00000E+00 1.00000E-01 1.00000E+00 6.00001E+00 1.20001E+01 1.80001E+01 2.40001E+01 3.00001E+01 3.60001E+01 4.20002E+01 4.80002E+01 5.40002E+01 6.00002E+01 6.60003E+01 ];

TOT_ADENS = [
0.00000E+00 0.00000E+00 0.00000E+00 0.00000E+00 0.00000E+00 0.00000E+00 0.00000E+00 0.00000E+00 0.00000E+00 0.00000E+00 0.00000E+00 0.00000E+00 0.00000E+00 0.00000E+00 % lost data
6.33246E-02 6.33280E-02 6.33599E-02 6.35600E-02 6.38124E-02 6.40649E-02 6.43163E-02 6.45661E-02 6.48145E-02 6.50612E-02 6.53065E-02 6.55502E-02 6.57924E-02 6.60331E-02 % total
];

TOT_MASS = [
0.00000E+00 0.00000E+00 0.00000E+00 0.00000E+00 0.00000E+00 0.00000E+00 0.00000E+00 0.00000E+00 0.00000E+00 0.00000E+00 0.00000E+00 0.00000E+00 0.00000E+00 0.00000E+00 % lost data
4.15689E+07 4.15689E+07 4.15688E+07 4.15682E+07 4.15674E+07 4.15666E+07 4.15658E+07 4.15651E+07 4.15643E+07 4.15635E+07 4.15627E+07 4.15619E+07 4.15611E+07 4.15603E+07 % total
];

TOT_A = [
0.00000E+00 0.00000E+00 0.00000E+00 0.00000E+00 0.00000E+00 0.00000E+00 0.00000E+00 0.00000E+00 0.00000E+00 0.00000E+00 0.00000E+00 0.00000E+00 0.00000E+00 0.00000E+00 % lost data
2.71430E+18 9.03370E+19 9.67006E+19 1.00237E+20 1.00479E+20 1.00052E+20 9.95345E+19 9.90088E+19 9.84611E+19 9.79641E+19 9.74675E+19 9.70387E+19 9.66303E+19 9.61889E+19 % total
];

TOT_H = [
0.00000E+00 0.00000E+00 0.00000E+00 0.00000E+00 0.00000E+00 0.00000E+00 0.00000E+00 0.00000E+00 0.00000E+00 0.00000E+00 0.00000E+00 0.00000E+00 0.00000E+00 0.00000E+00 % lost data
3.33784E+05 2.39499E+07 2.55010E+07 2.74790E+07 2.76365E+07 2.75051E+07 2.73390E+07 2.71727E+07 2.70047E+07 2.68489E+07 2.66925E+07 2.65462E+07 2.64084E+07 2.62703E+07 % total
];

TOT_SF = [
0.00000E+00 0.00000E+00 0.00000E+00 0.00000E+00 0.00000E+00 0.00000E+00 0.00000E+00 0.00000E+00 0.00000E+00 0.00000E+00 0.00000E+00 0.00000E+00 0.00000E+00 0.00000E+00 % lost data
1.03598E+09 8.39397E+09 6.82583E+10 1.79546E+11 1.89373E+11 1.85651E+11 1.80998E+11 1.76816E+11 1.72981E+11 1.69700E+11 1.66736E+11 1.64563E+11 1.62583E+11 1.60778E+11 % total
];

TOT_GSRC = [
0.00000E+00 0.00000E+00 0.00000E+00 0.00000E+00 0.00000E+00 0.00000E+00 0.00000E+00 0.00000E+00 0.00000E+00 0.00000E+00 0.00000E+00 0.00000E+00 0.00000E+00 0.00000E+00 % lost data
2.13270E+17 9.48951E+19 9.98914E+19 1.00790E+20 1.00784E+20 1.00513E+20 1.00232E+20 9.99381E+19 9.96019E+19 9.92979E+19 9.89780E+19 9.87060E+19 9.84429E+19 9.81252E+19 % total
];

TOT_ING_TOX = [
0.00000E+00 0.00000E+00 0.00000E+00 0.00000E+00 0.00000E+00 0.00000E+00 0.00000E+00 0.00000E+00 0.00000E+00 0.00000E+00 0.00000E+00 0.00000E+00 0.00000E+00 0.00000E+00 % lost data
8.90827E+10 1.19997E+11 1.42302E+11 1.71261E+11 1.79843E+11 1.84389E+11 1.87845E+11 1.90689E+11 1.92974E+11 1.94830E+11 1.96237E+11 1.97360E+11 1.98107E+11 1.98475E+11 % total
];

TOT_INH_TOX = [
0.00000E+00 0.00000E+00 0.00000E+00 0.00000E+00 0.00000E+00 0.00000E+00 0.00000E+00 0.00000E+00 0.00000E+00 0.00000E+00 0.00000E+00 0.00000E+00 0.00000E+00 0.00000E+00 % lost data
4.27085E+13 4.34929E+13 4.91622E+13 6.10804E+13 6.42366E+13 6.58770E+13 6.71247E+13 6.81299E+13 6.88997E+13 6.94759E+13 6.98542E+13 7.01006E+13 7.01776E+13 7.00953E+13 % total
];

BU = [ 0.00000E+00 1.00000E-01 1.00000E+00 6.00000E+00 1.20000E+01 1.80000E+01 2.40000E+01 3.00000E+01 3.60000E+01 4.20000E+01 4.80000E+01 5.40000E+01 6.00000E+01 6.60000E+01 ];

DAYS = [ 0.00000E+00 9.77934E+00 9.77934E+01 5.86760E+02 1.17352E+03 1.76028E+03 2.34704E+03 2.93380E+03 3.52056E+03 4.10732E+03 4.69408E+03 5.28084E+03 5.86760E+03 6.45436E+03 ];
