
ZAI = [
666
0
];

NAMES = [
'lost            '
'total           '
];

iLOST    = 1;
iTOT     = 2;

MAT_fuel_VOLUME = [ 7.02800E+01 7.02800E+01 7.02800E+01 7.02800E+01 7.02800E+01 7.02800E+01 7.02800E+01 7.02800E+01 7.02800E+01 7.02800E+01 7.02800E+01 7.02800E+01 7.02800E+01 7.02800E+01 ];

MAT_fuel_BURNUP = [ 0.00000E+00 1.00002E-01 1.00002E+00 5.99990E+00 1.20001E+01 1.80000E+01 2.40001E+01 3.00000E+01 3.60001E+01 4.20002E+01 4.80004E+01 5.40002E+01 6.00003E+01 6.60003E+01 ];

MAT_fuel_ADENS = [
0.00000E+00 0.00000E+00 0.00000E+00 0.00000E+00 0.00000E+00 0.00000E+00 0.00000E+00 0.00000E+00 0.00000E+00 0.00000E+00 0.00000E+00 0.00000E+00 0.00000E+00 0.00000E+00 % lost data
6.41760E-02 6.41795E-02 6.42125E-02 6.44185E-02 6.46746E-02 6.49309E-02 6.51868E-02 6.54418E-02 6.56957E-02 6.59487E-02 6.62005E-02 6.64509E-02 6.67001E-02 6.69480E-02 % total
];

MAT_fuel_MDENS = [
0.00000E+00 0.00000E+00 0.00000E+00 0.00000E+00 0.00000E+00 0.00000E+00 0.00000E+00 0.00000E+00 0.00000E+00 0.00000E+00 0.00000E+00 0.00000E+00 0.00000E+00 0.00000E+00 % lost data
1.35000E+01 1.35000E+01 1.35000E+01 1.34997E+01 1.34994E+01 1.34991E+01 1.34989E+01 1.34986E+01 1.34983E+01 1.34980E+01 1.34977E+01 1.34975E+01 1.34972E+01 1.34969E+01 % total
];

MAT_fuel_A = [
0.00000E+00 0.00000E+00 0.00000E+00 0.00000E+00 0.00000E+00 0.00000E+00 0.00000E+00 0.00000E+00 0.00000E+00 0.00000E+00 0.00000E+00 0.00000E+00 0.00000E+00 0.00000E+00 % lost data
6.66332E+13 1.50180E+15 1.60318E+15 1.64761E+15 1.65055E+15 1.64590E+15 1.64050E+15 1.63210E+15 1.62547E+15 1.62106E+15 1.61346E+15 1.60761E+15 1.60269E+15 1.59640E+15 % total
];

MAT_fuel_H = [
0.00000E+00 0.00000E+00 0.00000E+00 0.00000E+00 0.00000E+00 0.00000E+00 0.00000E+00 0.00000E+00 0.00000E+00 0.00000E+00 0.00000E+00 0.00000E+00 0.00000E+00 0.00000E+00 % lost data
7.82300E+00 4.00651E+02 4.27647E+02 4.55511E+02 4.56534E+02 4.55369E+02 4.53934E+02 4.51698E+02 4.50031E+02 4.48231E+02 4.46071E+02 4.44183E+02 4.42370E+02 4.40367E+02 % total
];

MAT_fuel_SF = [
0.00000E+00 0.00000E+00 0.00000E+00 0.00000E+00 0.00000E+00 0.00000E+00 0.00000E+00 0.00000E+00 0.00000E+00 0.00000E+00 0.00000E+00 0.00000E+00 0.00000E+00 0.00000E+00 % lost data
2.56116E+04 1.80247E+05 1.33037E+06 2.90658E+06 2.99774E+06 2.98436E+06 2.96525E+06 2.92731E+06 2.90370E+06 2.89130E+06 2.86635E+06 2.85023E+06 2.84984E+06 2.83491E+06 % total
];

MAT_fuel_GSRC = [
0.00000E+00 0.00000E+00 0.00000E+00 0.00000E+00 0.00000E+00 0.00000E+00 0.00000E+00 0.00000E+00 0.00000E+00 0.00000E+00 0.00000E+00 0.00000E+00 0.00000E+00 0.00000E+00 % lost data
4.89429E+12 1.55716E+15 1.62515E+15 1.63170E+15 1.63597E+15 1.63650E+15 1.63649E+15 1.63307E+15 1.63053E+15 1.63027E+15 1.62603E+15 1.62329E+15 1.62086E+15 1.61704E+15 % total
];

MAT_fuel_ING_TOX = [
0.00000E+00 0.00000E+00 0.00000E+00 0.00000E+00 0.00000E+00 0.00000E+00 0.00000E+00 0.00000E+00 0.00000E+00 0.00000E+00 0.00000E+00 0.00000E+00 0.00000E+00 0.00000E+00 % lost data
2.10716E+06 2.64990E+06 3.02729E+06 3.47489E+06 3.62243E+06 3.72563E+06 3.81320E+06 3.88267E+06 3.94331E+06 3.99606E+06 4.03418E+06 4.06465E+06 4.08931E+06 4.10197E+06 % total
];

MAT_fuel_INH_TOX = [
0.00000E+00 0.00000E+00 0.00000E+00 0.00000E+00 0.00000E+00 0.00000E+00 0.00000E+00 0.00000E+00 0.00000E+00 0.00000E+00 0.00000E+00 0.00000E+00 0.00000E+00 0.00000E+00 % lost data
1.01017E+09 1.02609E+09 1.13523E+09 1.31622E+09 1.37074E+09 1.41046E+09 1.44417E+09 1.47029E+09 1.49248E+09 1.51079E+09 1.52305E+09 1.53171E+09 1.53778E+09 1.53867E+09 % total
];

TOT_VOLUME = [ 7.02800E+01 7.02800E+01 7.02800E+01 7.02800E+01 7.02800E+01 7.02800E+01 7.02800E+01 7.02800E+01 7.02800E+01 7.02800E+01 7.02800E+01 7.02800E+01 7.02800E+01 7.02800E+01 ];

TOT_BURNUP = [ 0.00000E+00 1.00002E-01 1.00002E+00 5.99990E+00 1.20001E+01 1.80000E+01 2.40001E+01 3.00000E+01 3.60001E+01 4.20002E+01 4.80004E+01 5.40002E+01 6.00003E+01 6.60003E+01 ];

TOT_ADENS = [
0.00000E+00 0.00000E+00 0.00000E+00 0.00000E+00 0.00000E+00 0.00000E+00 0.00000E+00 0.00000E+00 0.00000E+00 0.00000E+00 0.00000E+00 0.00000E+00 0.00000E+00 0.00000E+00 % lost data
6.41760E-02 6.41795E-02 6.42125E-02 6.44185E-02 6.46746E-02 6.49309E-02 6.51868E-02 6.54418E-02 6.56957E-02 6.59487E-02 6.62005E-02 6.64509E-02 6.67001E-02 6.69480E-02 % total
];

TOT_MASS = [
0.00000E+00 0.00000E+00 0.00000E+00 0.00000E+00 0.00000E+00 0.00000E+00 0.00000E+00 0.00000E+00 0.00000E+00 0.00000E+00 0.00000E+00 0.00000E+00 0.00000E+00 0.00000E+00 % lost data
9.48780E+02 9.48780E+02 9.48777E+02 9.48760E+02 9.48739E+02 9.48720E+02 9.48700E+02 9.48680E+02 9.48661E+02 9.48641E+02 9.48621E+02 9.48602E+02 9.48582E+02 9.48562E+02 % total
];

TOT_A = [
0.00000E+00 0.00000E+00 0.00000E+00 0.00000E+00 0.00000E+00 0.00000E+00 0.00000E+00 0.00000E+00 0.00000E+00 0.00000E+00 0.00000E+00 0.00000E+00 0.00000E+00 0.00000E+00 % lost data
6.66332E+13 1.50180E+15 1.60318E+15 1.64761E+15 1.65055E+15 1.64590E+15 1.64050E+15 1.63210E+15 1.62547E+15 1.62106E+15 1.61346E+15 1.60761E+15 1.60269E+15 1.59640E+15 % total
];

TOT_H = [
0.00000E+00 0.00000E+00 0.00000E+00 0.00000E+00 0.00000E+00 0.00000E+00 0.00000E+00 0.00000E+00 0.00000E+00 0.00000E+00 0.00000E+00 0.00000E+00 0.00000E+00 0.00000E+00 % lost data
7.82300E+00 4.00651E+02 4.27647E+02 4.55511E+02 4.56534E+02 4.55369E+02 4.53934E+02 4.51698E+02 4.50031E+02 4.48231E+02 4.46071E+02 4.44183E+02 4.42370E+02 4.40367E+02 % total
];

TOT_SF = [
0.00000E+00 0.00000E+00 0.00000E+00 0.00000E+00 0.00000E+00 0.00000E+00 0.00000E+00 0.00000E+00 0.00000E+00 0.00000E+00 0.00000E+00 0.00000E+00 0.00000E+00 0.00000E+00 % lost data
2.56116E+04 1.80247E+05 1.33037E+06 2.90658E+06 2.99774E+06 2.98436E+06 2.96525E+06 2.92731E+06 2.90370E+06 2.89130E+06 2.86635E+06 2.85023E+06 2.84984E+06 2.83491E+06 % total
];

TOT_GSRC = [
0.00000E+00 0.00000E+00 0.00000E+00 0.00000E+00 0.00000E+00 0.00000E+00 0.00000E+00 0.00000E+00 0.00000E+00 0.00000E+00 0.00000E+00 0.00000E+00 0.00000E+00 0.00000E+00 % lost data
4.89429E+12 1.55716E+15 1.62515E+15 1.63170E+15 1.63597E+15 1.63650E+15 1.63649E+15 1.63307E+15 1.63053E+15 1.63027E+15 1.62603E+15 1.62329E+15 1.62086E+15 1.61704E+15 % total
];

TOT_ING_TOX = [
0.00000E+00 0.00000E+00 0.00000E+00 0.00000E+00 0.00000E+00 0.00000E+00 0.00000E+00 0.00000E+00 0.00000E+00 0.00000E+00 0.00000E+00 0.00000E+00 0.00000E+00 0.00000E+00 % lost data
2.10716E+06 2.64990E+06 3.02729E+06 3.47489E+06 3.62243E+06 3.72563E+06 3.81320E+06 3.88267E+06 3.94331E+06 3.99606E+06 4.03418E+06 4.06465E+06 4.08931E+06 4.10197E+06 % total
];

TOT_INH_TOX = [
0.00000E+00 0.00000E+00 0.00000E+00 0.00000E+00 0.00000E+00 0.00000E+00 0.00000E+00 0.00000E+00 0.00000E+00 0.00000E+00 0.00000E+00 0.00000E+00 0.00000E+00 0.00000E+00 % lost data
1.01017E+09 1.02609E+09 1.13523E+09 1.31622E+09 1.37074E+09 1.41046E+09 1.44417E+09 1.47029E+09 1.49248E+09 1.51079E+09 1.52305E+09 1.53171E+09 1.53778E+09 1.53867E+09 % total
];

BU = [ 0.00000E+00 1.00000E-01 1.00000E+00 6.00000E+00 1.20000E+01 1.80000E+01 2.40000E+01 3.00000E+01 3.60000E+01 4.20000E+01 4.80000E+01 5.40000E+01 6.00000E+01 6.60000E+01 ];

DAYS = [ 0.00000E+00 1.33815E+01 1.33815E+02 8.02889E+02 1.60578E+03 2.40867E+03 3.21156E+03 4.01444E+03 4.81733E+03 5.62022E+03 6.42311E+03 7.22600E+03 8.02889E+03 8.83178E+03 ];
