
ZAI = [
666
0
];

NAMES = [
'lost            '
'total           '
];

iLOST    = 1;
iTOT     = 2;

MAT_fuel_VOLUME = [ 7.02800E+01 7.02800E+01 7.02800E+01 7.02800E+01 7.02800E+01 7.02800E+01 7.02800E+01 7.02800E+01 7.02800E+01 7.02800E+01 7.02800E+01 7.02800E+01 7.02800E+01 7.02800E+01 ];

MAT_fuel_BURNUP = [ 0.00000E+00 1.00001E-01 9.99967E-01 6.00013E+00 1.20002E+01 1.80002E+01 2.40001E+01 3.00001E+01 3.59998E+01 4.19999E+01 4.80000E+01 5.39999E+01 6.00001E+01 6.60001E+01 ];

MAT_fuel_ADENS = [
0.00000E+00 0.00000E+00 0.00000E+00 0.00000E+00 0.00000E+00 0.00000E+00 0.00000E+00 0.00000E+00 0.00000E+00 0.00000E+00 0.00000E+00 0.00000E+00 0.00000E+00 0.00000E+00 % lost data
6.41717E-02 6.41752E-02 6.42081E-02 6.44124E-02 6.46660E-02 6.49201E-02 6.51741E-02 6.54277E-02 6.56807E-02 6.59329E-02 6.61841E-02 6.64345E-02 6.66837E-02 6.69319E-02 % total
];

MAT_fuel_MDENS = [
0.00000E+00 0.00000E+00 0.00000E+00 0.00000E+00 0.00000E+00 0.00000E+00 0.00000E+00 0.00000E+00 0.00000E+00 0.00000E+00 0.00000E+00 0.00000E+00 0.00000E+00 0.00000E+00 % lost data
1.35000E+01 1.35000E+01 1.34999E+01 1.34997E+01 1.34994E+01 1.34991E+01 1.34988E+01 1.34985E+01 1.34982E+01 1.34979E+01 1.34976E+01 1.34973E+01 1.34970E+01 1.34967E+01 % total
];

MAT_fuel_A = [
0.00000E+00 0.00000E+00 0.00000E+00 0.00000E+00 0.00000E+00 0.00000E+00 0.00000E+00 0.00000E+00 0.00000E+00 0.00000E+00 0.00000E+00 0.00000E+00 0.00000E+00 0.00000E+00 % lost data
7.13138E+13 1.47537E+15 1.57330E+15 1.61993E+15 1.62085E+15 1.61849E+15 1.61457E+15 1.61014E+15 1.60549E+15 1.59986E+15 1.59633E+15 1.59340E+15 1.58736E+15 1.58408E+15 % total
];

MAT_fuel_H = [
0.00000E+00 0.00000E+00 0.00000E+00 0.00000E+00 0.00000E+00 0.00000E+00 0.00000E+00 0.00000E+00 0.00000E+00 0.00000E+00 0.00000E+00 0.00000E+00 0.00000E+00 0.00000E+00 % lost data
8.02759E+00 3.97492E+02 4.23566E+02 4.49488E+02 4.50513E+02 4.50127E+02 4.49334E+02 4.47981E+02 4.46811E+02 4.45090E+02 4.43809E+02 4.42473E+02 4.40622E+02 4.39298E+02 % total
];

MAT_fuel_SF = [
0.00000E+00 0.00000E+00 0.00000E+00 0.00000E+00 0.00000E+00 0.00000E+00 0.00000E+00 0.00000E+00 0.00000E+00 0.00000E+00 0.00000E+00 0.00000E+00 0.00000E+00 0.00000E+00 % lost data
2.75775E+04 1.71850E+05 1.24547E+06 2.75903E+06 2.83764E+06 2.84781E+06 2.84676E+06 2.84772E+06 2.83889E+06 2.82617E+06 2.82774E+06 2.83682E+06 2.82628E+06 2.83447E+06 % total
];

MAT_fuel_GSRC = [
0.00000E+00 0.00000E+00 0.00000E+00 0.00000E+00 0.00000E+00 0.00000E+00 0.00000E+00 0.00000E+00 0.00000E+00 0.00000E+00 0.00000E+00 0.00000E+00 0.00000E+00 0.00000E+00 % lost data
4.92083E+12 1.52254E+15 1.58705E+15 1.59822E+15 1.60086E+15 1.60364E+15 1.60509E+15 1.60564E+15 1.60538E+15 1.60378E+15 1.60371E+15 1.60388E+15 1.60066E+15 1.59976E+15 % total
];

MAT_fuel_ING_TOX = [
0.00000E+00 0.00000E+00 0.00000E+00 0.00000E+00 0.00000E+00 0.00000E+00 0.00000E+00 0.00000E+00 0.00000E+00 0.00000E+00 0.00000E+00 0.00000E+00 0.00000E+00 0.00000E+00 % lost data
2.18107E+06 2.71039E+06 3.07102E+06 3.50213E+06 3.63798E+06 3.73964E+06 3.82594E+06 3.90164E+06 3.96443E+06 4.01577E+06 4.06078E+06 4.09871E+06 4.12239E+06 4.14264E+06 % total
];

MAT_fuel_INH_TOX = [
0.00000E+00 0.00000E+00 0.00000E+00 0.00000E+00 0.00000E+00 0.00000E+00 0.00000E+00 0.00000E+00 0.00000E+00 0.00000E+00 0.00000E+00 0.00000E+00 0.00000E+00 0.00000E+00 % lost data
1.04555E+09 1.06038E+09 1.16203E+09 1.33408E+09 1.38348E+09 1.42226E+09 1.45531E+09 1.48388E+09 1.50685E+09 1.52479E+09 1.53976E+09 1.55151E+09 1.55741E+09 1.56146E+09 % total
];

TOT_VOLUME = [ 7.02800E+01 7.02800E+01 7.02800E+01 7.02800E+01 7.02800E+01 7.02800E+01 7.02800E+01 7.02800E+01 7.02800E+01 7.02800E+01 7.02800E+01 7.02800E+01 7.02800E+01 7.02800E+01 ];

TOT_BURNUP = [ 0.00000E+00 1.00001E-01 9.99967E-01 6.00013E+00 1.20002E+01 1.80002E+01 2.40001E+01 3.00001E+01 3.59998E+01 4.19999E+01 4.80000E+01 5.39999E+01 6.00001E+01 6.60001E+01 ];

TOT_ADENS = [
0.00000E+00 0.00000E+00 0.00000E+00 0.00000E+00 0.00000E+00 0.00000E+00 0.00000E+00 0.00000E+00 0.00000E+00 0.00000E+00 0.00000E+00 0.00000E+00 0.00000E+00 0.00000E+00 % lost data
6.41717E-02 6.41752E-02 6.42081E-02 6.44124E-02 6.46660E-02 6.49201E-02 6.51741E-02 6.54277E-02 6.56807E-02 6.59329E-02 6.61841E-02 6.64345E-02 6.66837E-02 6.69319E-02 % total
];

TOT_MASS = [
0.00000E+00 0.00000E+00 0.00000E+00 0.00000E+00 0.00000E+00 0.00000E+00 0.00000E+00 0.00000E+00 0.00000E+00 0.00000E+00 0.00000E+00 0.00000E+00 0.00000E+00 0.00000E+00 % lost data
9.48780E+02 9.48780E+02 9.48776E+02 9.48758E+02 9.48736E+02 9.48714E+02 9.48693E+02 9.48672E+02 9.48651E+02 9.48630E+02 9.48610E+02 9.48589E+02 9.48568E+02 9.48548E+02 % total
];

TOT_A = [
0.00000E+00 0.00000E+00 0.00000E+00 0.00000E+00 0.00000E+00 0.00000E+00 0.00000E+00 0.00000E+00 0.00000E+00 0.00000E+00 0.00000E+00 0.00000E+00 0.00000E+00 0.00000E+00 % lost data
7.13138E+13 1.47537E+15 1.57330E+15 1.61993E+15 1.62085E+15 1.61849E+15 1.61457E+15 1.61014E+15 1.60549E+15 1.59986E+15 1.59633E+15 1.59340E+15 1.58736E+15 1.58408E+15 % total
];

TOT_H = [
0.00000E+00 0.00000E+00 0.00000E+00 0.00000E+00 0.00000E+00 0.00000E+00 0.00000E+00 0.00000E+00 0.00000E+00 0.00000E+00 0.00000E+00 0.00000E+00 0.00000E+00 0.00000E+00 % lost data
8.02759E+00 3.97492E+02 4.23566E+02 4.49488E+02 4.50513E+02 4.50127E+02 4.49334E+02 4.47981E+02 4.46811E+02 4.45090E+02 4.43809E+02 4.42473E+02 4.40622E+02 4.39298E+02 % total
];

TOT_SF = [
0.00000E+00 0.00000E+00 0.00000E+00 0.00000E+00 0.00000E+00 0.00000E+00 0.00000E+00 0.00000E+00 0.00000E+00 0.00000E+00 0.00000E+00 0.00000E+00 0.00000E+00 0.00000E+00 % lost data
2.75775E+04 1.71850E+05 1.24547E+06 2.75903E+06 2.83764E+06 2.84781E+06 2.84676E+06 2.84772E+06 2.83889E+06 2.82617E+06 2.82774E+06 2.83682E+06 2.82628E+06 2.83447E+06 % total
];

TOT_GSRC = [
0.00000E+00 0.00000E+00 0.00000E+00 0.00000E+00 0.00000E+00 0.00000E+00 0.00000E+00 0.00000E+00 0.00000E+00 0.00000E+00 0.00000E+00 0.00000E+00 0.00000E+00 0.00000E+00 % lost data
4.92083E+12 1.52254E+15 1.58705E+15 1.59822E+15 1.60086E+15 1.60364E+15 1.60509E+15 1.60564E+15 1.60538E+15 1.60378E+15 1.60371E+15 1.60388E+15 1.60066E+15 1.59976E+15 % total
];

TOT_ING_TOX = [
0.00000E+00 0.00000E+00 0.00000E+00 0.00000E+00 0.00000E+00 0.00000E+00 0.00000E+00 0.00000E+00 0.00000E+00 0.00000E+00 0.00000E+00 0.00000E+00 0.00000E+00 0.00000E+00 % lost data
2.18107E+06 2.71039E+06 3.07102E+06 3.50213E+06 3.63798E+06 3.73964E+06 3.82594E+06 3.90164E+06 3.96443E+06 4.01577E+06 4.06078E+06 4.09871E+06 4.12239E+06 4.14264E+06 % total
];

TOT_INH_TOX = [
0.00000E+00 0.00000E+00 0.00000E+00 0.00000E+00 0.00000E+00 0.00000E+00 0.00000E+00 0.00000E+00 0.00000E+00 0.00000E+00 0.00000E+00 0.00000E+00 0.00000E+00 0.00000E+00 % lost data
1.04555E+09 1.06038E+09 1.16203E+09 1.33408E+09 1.38348E+09 1.42226E+09 1.45531E+09 1.48388E+09 1.50685E+09 1.52479E+09 1.53976E+09 1.55151E+09 1.55741E+09 1.56146E+09 % total
];

BU = [ 0.00000E+00 1.00000E-01 1.00000E+00 6.00000E+00 1.20000E+01 1.80000E+01 2.40000E+01 3.00000E+01 3.60000E+01 4.20000E+01 4.80000E+01 5.40000E+01 6.00000E+01 6.60000E+01 ];

DAYS = [ 0.00000E+00 1.33815E+01 1.33815E+02 8.02892E+02 1.60578E+03 2.40868E+03 3.21157E+03 4.01446E+03 4.81735E+03 5.62025E+03 6.42314E+03 7.22603E+03 8.02892E+03 8.83181E+03 ];
