
ZAI = [
666
0
];

NAMES = [
'lost            '
'total           '
];

iLOST    = 1;
iTOT     = 2;

MAT_fuel_VOLUME = [ 7.02800E+01 7.02800E+01 7.02800E+01 7.02800E+01 7.02800E+01 7.02800E+01 7.02800E+01 7.02800E+01 7.02800E+01 7.02800E+01 7.02800E+01 7.02800E+01 7.02800E+01 7.02800E+01 ];

MAT_fuel_BURNUP = [ 0.00000E+00 1.00000E-01 9.99996E-01 6.00026E+00 1.20003E+01 1.80004E+01 2.40004E+01 3.00003E+01 3.60003E+01 4.20003E+01 4.80003E+01 5.40003E+01 6.00002E+01 6.60004E+01 ];

MAT_fuel_ADENS = [
0.00000E+00 0.00000E+00 0.00000E+00 0.00000E+00 0.00000E+00 0.00000E+00 0.00000E+00 0.00000E+00 0.00000E+00 0.00000E+00 0.00000E+00 0.00000E+00 0.00000E+00 0.00000E+00 % lost data
6.41847E-02 6.41881E-02 6.42214E-02 6.44324E-02 6.46944E-02 6.49555E-02 6.52149E-02 6.54725E-02 6.57283E-02 6.59824E-02 6.62345E-02 6.64850E-02 6.67337E-02 6.69809E-02 % total
];

MAT_fuel_MDENS = [
0.00000E+00 0.00000E+00 0.00000E+00 0.00000E+00 0.00000E+00 0.00000E+00 0.00000E+00 0.00000E+00 0.00000E+00 0.00000E+00 0.00000E+00 0.00000E+00 0.00000E+00 0.00000E+00 % lost data
1.35000E+01 1.35000E+01 1.35000E+01 1.34998E+01 1.34995E+01 1.34993E+01 1.34991E+01 1.34988E+01 1.34986E+01 1.34984E+01 1.34981E+01 1.34979E+01 1.34976E+01 1.34973E+01 % total
];

MAT_fuel_A = [
0.00000E+00 0.00000E+00 0.00000E+00 0.00000E+00 0.00000E+00 0.00000E+00 0.00000E+00 0.00000E+00 0.00000E+00 0.00000E+00 0.00000E+00 0.00000E+00 0.00000E+00 0.00000E+00 % lost data
5.72700E+13 1.57127E+15 1.67266E+15 1.72612E+15 1.71899E+15 1.70801E+15 1.69442E+15 1.68000E+15 1.66919E+15 1.65883E+15 1.64669E+15 1.63909E+15 1.62894E+15 1.62384E+15 % total
];

MAT_fuel_H = [
0.00000E+00 0.00000E+00 0.00000E+00 0.00000E+00 0.00000E+00 0.00000E+00 0.00000E+00 0.00000E+00 0.00000E+00 0.00000E+00 0.00000E+00 0.00000E+00 0.00000E+00 0.00000E+00 % lost data
7.41373E+00 4.08384E+02 4.38818E+02 4.71025E+02 4.70079E+02 4.66848E+02 4.63322E+02 4.59538E+02 4.56610E+02 4.53545E+02 4.50348E+02 4.47727E+02 4.44974E+02 4.42974E+02 % total
];

MAT_fuel_SF = [
0.00000E+00 0.00000E+00 0.00000E+00 0.00000E+00 0.00000E+00 0.00000E+00 0.00000E+00 0.00000E+00 0.00000E+00 0.00000E+00 0.00000E+00 0.00000E+00 0.00000E+00 0.00000E+00 % lost data
2.16789E+04 2.02847E+05 1.52658E+06 3.34611E+06 3.34477E+06 3.27336E+06 3.17984E+06 3.09340E+06 3.03284E+06 2.97548E+06 2.91771E+06 2.88587E+06 2.84688E+06 2.83441E+06 % total
];

MAT_fuel_GSRC = [
0.00000E+00 0.00000E+00 0.00000E+00 0.00000E+00 0.00000E+00 0.00000E+00 0.00000E+00 0.00000E+00 0.00000E+00 0.00000E+00 0.00000E+00 0.00000E+00 0.00000E+00 0.00000E+00 % lost data
4.84118E+12 1.64506E+15 1.71046E+15 1.72253E+15 1.71655E+15 1.71077E+15 1.70248E+15 1.69278E+15 1.68588E+15 1.67934E+15 1.67009E+15 1.66550E+15 1.65755E+15 1.65479E+15 % total
];

MAT_fuel_ING_TOX = [
0.00000E+00 0.00000E+00 0.00000E+00 0.00000E+00 0.00000E+00 0.00000E+00 0.00000E+00 0.00000E+00 0.00000E+00 0.00000E+00 0.00000E+00 0.00000E+00 0.00000E+00 0.00000E+00 % lost data
1.95932E+06 2.53634E+06 2.94747E+06 3.46217E+06 3.60753E+06 3.71138E+06 3.79031E+06 3.85320E+06 3.90742E+06 3.94885E+06 3.97666E+06 4.00058E+06 4.01136E+06 4.02061E+06 % total
];

MAT_fuel_INH_TOX = [
0.00000E+00 0.00000E+00 0.00000E+00 0.00000E+00 0.00000E+00 0.00000E+00 0.00000E+00 0.00000E+00 0.00000E+00 0.00000E+00 0.00000E+00 0.00000E+00 0.00000E+00 0.00000E+00 % lost data
9.39402E+08 9.58083E+08 1.08427E+09 1.29662E+09 1.35140E+09 1.39201E+09 1.42258E+09 1.44629E+09 1.46582E+09 1.47961E+09 1.48766E+09 1.49326E+09 1.49357E+09 1.49256E+09 % total
];

TOT_VOLUME = [ 7.02800E+01 7.02800E+01 7.02800E+01 7.02800E+01 7.02800E+01 7.02800E+01 7.02800E+01 7.02800E+01 7.02800E+01 7.02800E+01 7.02800E+01 7.02800E+01 7.02800E+01 7.02800E+01 ];

TOT_BURNUP = [ 0.00000E+00 1.00000E-01 9.99996E-01 6.00026E+00 1.20003E+01 1.80004E+01 2.40004E+01 3.00003E+01 3.60003E+01 4.20003E+01 4.80003E+01 5.40003E+01 6.00002E+01 6.60004E+01 ];

TOT_ADENS = [
0.00000E+00 0.00000E+00 0.00000E+00 0.00000E+00 0.00000E+00 0.00000E+00 0.00000E+00 0.00000E+00 0.00000E+00 0.00000E+00 0.00000E+00 0.00000E+00 0.00000E+00 0.00000E+00 % lost data
6.41847E-02 6.41881E-02 6.42214E-02 6.44324E-02 6.46944E-02 6.49555E-02 6.52149E-02 6.54725E-02 6.57283E-02 6.59824E-02 6.62345E-02 6.64850E-02 6.67337E-02 6.69809E-02 % total
];

TOT_MASS = [
0.00000E+00 0.00000E+00 0.00000E+00 0.00000E+00 0.00000E+00 0.00000E+00 0.00000E+00 0.00000E+00 0.00000E+00 0.00000E+00 0.00000E+00 0.00000E+00 0.00000E+00 0.00000E+00 % lost data
9.48780E+02 9.48780E+02 9.48777E+02 9.48764E+02 9.48748E+02 9.48732E+02 9.48716E+02 9.48699E+02 9.48682E+02 9.48665E+02 9.48647E+02 9.48629E+02 9.48611E+02 9.48593E+02 % total
];

TOT_A = [
0.00000E+00 0.00000E+00 0.00000E+00 0.00000E+00 0.00000E+00 0.00000E+00 0.00000E+00 0.00000E+00 0.00000E+00 0.00000E+00 0.00000E+00 0.00000E+00 0.00000E+00 0.00000E+00 % lost data
5.72700E+13 1.57127E+15 1.67266E+15 1.72612E+15 1.71899E+15 1.70801E+15 1.69442E+15 1.68000E+15 1.66919E+15 1.65883E+15 1.64669E+15 1.63909E+15 1.62894E+15 1.62384E+15 % total
];

TOT_H = [
0.00000E+00 0.00000E+00 0.00000E+00 0.00000E+00 0.00000E+00 0.00000E+00 0.00000E+00 0.00000E+00 0.00000E+00 0.00000E+00 0.00000E+00 0.00000E+00 0.00000E+00 0.00000E+00 % lost data
7.41373E+00 4.08384E+02 4.38818E+02 4.71025E+02 4.70079E+02 4.66848E+02 4.63322E+02 4.59538E+02 4.56610E+02 4.53545E+02 4.50348E+02 4.47727E+02 4.44974E+02 4.42974E+02 % total
];

TOT_SF = [
0.00000E+00 0.00000E+00 0.00000E+00 0.00000E+00 0.00000E+00 0.00000E+00 0.00000E+00 0.00000E+00 0.00000E+00 0.00000E+00 0.00000E+00 0.00000E+00 0.00000E+00 0.00000E+00 % lost data
2.16789E+04 2.02847E+05 1.52658E+06 3.34611E+06 3.34477E+06 3.27336E+06 3.17984E+06 3.09340E+06 3.03284E+06 2.97548E+06 2.91771E+06 2.88587E+06 2.84688E+06 2.83441E+06 % total
];

TOT_GSRC = [
0.00000E+00 0.00000E+00 0.00000E+00 0.00000E+00 0.00000E+00 0.00000E+00 0.00000E+00 0.00000E+00 0.00000E+00 0.00000E+00 0.00000E+00 0.00000E+00 0.00000E+00 0.00000E+00 % lost data
4.84118E+12 1.64506E+15 1.71046E+15 1.72253E+15 1.71655E+15 1.71077E+15 1.70248E+15 1.69278E+15 1.68588E+15 1.67934E+15 1.67009E+15 1.66550E+15 1.65755E+15 1.65479E+15 % total
];

TOT_ING_TOX = [
0.00000E+00 0.00000E+00 0.00000E+00 0.00000E+00 0.00000E+00 0.00000E+00 0.00000E+00 0.00000E+00 0.00000E+00 0.00000E+00 0.00000E+00 0.00000E+00 0.00000E+00 0.00000E+00 % lost data
1.95932E+06 2.53634E+06 2.94747E+06 3.46217E+06 3.60753E+06 3.71138E+06 3.79031E+06 3.85320E+06 3.90742E+06 3.94885E+06 3.97666E+06 4.00058E+06 4.01136E+06 4.02061E+06 % total
];

TOT_INH_TOX = [
0.00000E+00 0.00000E+00 0.00000E+00 0.00000E+00 0.00000E+00 0.00000E+00 0.00000E+00 0.00000E+00 0.00000E+00 0.00000E+00 0.00000E+00 0.00000E+00 0.00000E+00 0.00000E+00 % lost data
9.39402E+08 9.58083E+08 1.08427E+09 1.29662E+09 1.35140E+09 1.39201E+09 1.42258E+09 1.44629E+09 1.46582E+09 1.47961E+09 1.48766E+09 1.49326E+09 1.49357E+09 1.49256E+09 % total
];

BU = [ 0.00000E+00 1.00000E-01 1.00000E+00 6.00000E+00 1.20000E+01 1.80000E+01 2.40000E+01 3.00000E+01 3.60000E+01 4.20000E+01 4.80000E+01 5.40000E+01 6.00000E+01 6.60000E+01 ];

DAYS = [ 0.00000E+00 1.33814E+01 1.33814E+02 8.02882E+02 1.60576E+03 2.40865E+03 3.21153E+03 4.01441E+03 4.81729E+03 5.62017E+03 6.42306E+03 7.22594E+03 8.02882E+03 8.83170E+03 ];
