
ZAI = [
666
0
];

NAMES = [
'lost            '
'total           '
];

iLOST    = 1;
iTOT     = 2;

MAT_fuel_VOLUME = [ 7.02800E+01 7.02800E+01 7.02800E+01 7.02800E+01 7.02800E+01 7.02800E+01 7.02800E+01 7.02800E+01 7.02800E+01 7.02800E+01 7.02800E+01 7.02800E+01 7.02800E+01 7.02800E+01 ];

MAT_fuel_BURNUP = [ 0.00000E+00 1.00001E-01 1.00013E+00 6.00012E+00 1.20002E+01 1.80003E+01 2.40002E+01 3.00003E+01 3.60003E+01 4.20003E+01 4.80004E+01 5.40003E+01 6.00002E+01 6.60001E+01 ];

MAT_fuel_ADENS = [
0.00000E+00 0.00000E+00 0.00000E+00 0.00000E+00 0.00000E+00 0.00000E+00 0.00000E+00 0.00000E+00 0.00000E+00 0.00000E+00 0.00000E+00 0.00000E+00 0.00000E+00 0.00000E+00 % lost data
6.41890E-02 6.41925E-02 6.42260E-02 6.44400E-02 6.47055E-02 6.49692E-02 6.52304E-02 6.54893E-02 6.57458E-02 6.60003E-02 6.62526E-02 6.65029E-02 6.67511E-02 6.69977E-02 % total
];

MAT_fuel_MDENS = [
0.00000E+00 0.00000E+00 0.00000E+00 0.00000E+00 0.00000E+00 0.00000E+00 0.00000E+00 0.00000E+00 0.00000E+00 0.00000E+00 0.00000E+00 0.00000E+00 0.00000E+00 0.00000E+00 % lost data
1.35000E+01 1.35000E+01 1.35000E+01 1.34998E+01 1.34996E+01 1.34994E+01 1.34992E+01 1.34990E+01 1.34988E+01 1.34985E+01 1.34983E+01 1.34981E+01 1.34978E+01 1.34976E+01 % total
];

MAT_fuel_A = [
0.00000E+00 0.00000E+00 0.00000E+00 0.00000E+00 0.00000E+00 0.00000E+00 0.00000E+00 0.00000E+00 0.00000E+00 0.00000E+00 0.00000E+00 0.00000E+00 0.00000E+00 0.00000E+00 % lost data
5.25875E+13 1.61503E+15 1.72113E+15 1.77484E+15 1.76040E+15 1.74362E+15 1.72242E+15 1.70702E+15 1.68948E+15 1.67976E+15 1.66404E+15 1.65422E+15 1.64152E+15 1.63494E+15 % total
];

MAT_fuel_H = [
0.00000E+00 0.00000E+00 0.00000E+00 0.00000E+00 0.00000E+00 0.00000E+00 0.00000E+00 0.00000E+00 0.00000E+00 0.00000E+00 0.00000E+00 0.00000E+00 0.00000E+00 0.00000E+00 % lost data
7.20906E+00 4.13271E+02 4.46578E+02 4.80519E+02 4.77917E+02 4.73212E+02 4.67973E+02 4.63835E+02 4.59525E+02 4.56172E+02 4.52305E+02 4.49247E+02 4.46032E+02 4.43661E+02 % total
];

MAT_fuel_SF = [
0.00000E+00 0.00000E+00 0.00000E+00 0.00000E+00 0.00000E+00 0.00000E+00 0.00000E+00 0.00000E+00 0.00000E+00 0.00000E+00 0.00000E+00 0.00000E+00 0.00000E+00 0.00000E+00 % lost data
1.97122E+04 2.16775E+05 1.67472E+06 3.60280E+06 3.55197E+06 3.43060E+06 3.28456E+06 3.18164E+06 3.07448E+06 3.01836E+06 2.93309E+06 2.88704E+06 2.83256E+06 2.81260E+06 % total
];

MAT_fuel_GSRC = [
0.00000E+00 0.00000E+00 0.00000E+00 0.00000E+00 0.00000E+00 0.00000E+00 0.00000E+00 0.00000E+00 0.00000E+00 0.00000E+00 0.00000E+00 0.00000E+00 0.00000E+00 0.00000E+00 % lost data
4.81462E+12 1.69922E+15 1.76669E+15 1.77823E+15 1.76472E+15 1.75308E+15 1.73697E+15 1.72616E+15 1.71239E+15 1.70643E+15 1.69355E+15 1.68643E+15 1.67564E+15 1.67122E+15 % total
];

MAT_fuel_ING_TOX = [
0.00000E+00 0.00000E+00 0.00000E+00 0.00000E+00 0.00000E+00 0.00000E+00 0.00000E+00 0.00000E+00 0.00000E+00 0.00000E+00 0.00000E+00 0.00000E+00 0.00000E+00 0.00000E+00 % lost data
1.88539E+06 2.48338E+06 2.92199E+06 3.46856E+06 3.61318E+06 3.71291E+06 3.78281E+06 3.84441E+06 3.88716E+06 3.92862E+06 3.94824E+06 3.96617E+06 3.97024E+06 3.97486E+06 % total
];

MAT_fuel_INH_TOX = [
0.00000E+00 0.00000E+00 0.00000E+00 0.00000E+00 0.00000E+00 0.00000E+00 0.00000E+00 0.00000E+00 0.00000E+00 0.00000E+00 0.00000E+00 0.00000E+00 0.00000E+00 0.00000E+00 % lost data
9.04011E+08 9.24350E+08 1.06370E+09 1.29137E+09 1.34674E+09 1.38608E+09 1.41341E+09 1.43655E+09 1.45162E+09 1.46511E+09 1.46979E+09 1.47290E+09 1.47048E+09 1.46741E+09 % total
];

TOT_VOLUME = [ 7.02800E+01 7.02800E+01 7.02800E+01 7.02800E+01 7.02800E+01 7.02800E+01 7.02800E+01 7.02800E+01 7.02800E+01 7.02800E+01 7.02800E+01 7.02800E+01 7.02800E+01 7.02800E+01 ];

TOT_BURNUP = [ 0.00000E+00 1.00001E-01 1.00013E+00 6.00012E+00 1.20002E+01 1.80003E+01 2.40002E+01 3.00003E+01 3.60003E+01 4.20003E+01 4.80004E+01 5.40003E+01 6.00002E+01 6.60001E+01 ];

TOT_ADENS = [
0.00000E+00 0.00000E+00 0.00000E+00 0.00000E+00 0.00000E+00 0.00000E+00 0.00000E+00 0.00000E+00 0.00000E+00 0.00000E+00 0.00000E+00 0.00000E+00 0.00000E+00 0.00000E+00 % lost data
6.41890E-02 6.41925E-02 6.42260E-02 6.44400E-02 6.47055E-02 6.49692E-02 6.52304E-02 6.54893E-02 6.57458E-02 6.60003E-02 6.62526E-02 6.65029E-02 6.67511E-02 6.69977E-02 % total
];

TOT_MASS = [
0.00000E+00 0.00000E+00 0.00000E+00 0.00000E+00 0.00000E+00 0.00000E+00 0.00000E+00 0.00000E+00 0.00000E+00 0.00000E+00 0.00000E+00 0.00000E+00 0.00000E+00 0.00000E+00 % lost data
9.48780E+02 9.48780E+02 9.48778E+02 9.48767E+02 9.48753E+02 9.48739E+02 9.48725E+02 9.48710E+02 9.48694E+02 9.48678E+02 9.48662E+02 9.48645E+02 9.48628E+02 9.48610E+02 % total
];

TOT_A = [
0.00000E+00 0.00000E+00 0.00000E+00 0.00000E+00 0.00000E+00 0.00000E+00 0.00000E+00 0.00000E+00 0.00000E+00 0.00000E+00 0.00000E+00 0.00000E+00 0.00000E+00 0.00000E+00 % lost data
5.25875E+13 1.61503E+15 1.72113E+15 1.77484E+15 1.76040E+15 1.74362E+15 1.72242E+15 1.70702E+15 1.68948E+15 1.67976E+15 1.66404E+15 1.65422E+15 1.64152E+15 1.63494E+15 % total
];

TOT_H = [
0.00000E+00 0.00000E+00 0.00000E+00 0.00000E+00 0.00000E+00 0.00000E+00 0.00000E+00 0.00000E+00 0.00000E+00 0.00000E+00 0.00000E+00 0.00000E+00 0.00000E+00 0.00000E+00 % lost data
7.20906E+00 4.13271E+02 4.46578E+02 4.80519E+02 4.77917E+02 4.73212E+02 4.67973E+02 4.63835E+02 4.59525E+02 4.56172E+02 4.52305E+02 4.49247E+02 4.46032E+02 4.43661E+02 % total
];

TOT_SF = [
0.00000E+00 0.00000E+00 0.00000E+00 0.00000E+00 0.00000E+00 0.00000E+00 0.00000E+00 0.00000E+00 0.00000E+00 0.00000E+00 0.00000E+00 0.00000E+00 0.00000E+00 0.00000E+00 % lost data
1.97122E+04 2.16775E+05 1.67472E+06 3.60280E+06 3.55197E+06 3.43060E+06 3.28456E+06 3.18164E+06 3.07448E+06 3.01836E+06 2.93309E+06 2.88704E+06 2.83256E+06 2.81260E+06 % total
];

TOT_GSRC = [
0.00000E+00 0.00000E+00 0.00000E+00 0.00000E+00 0.00000E+00 0.00000E+00 0.00000E+00 0.00000E+00 0.00000E+00 0.00000E+00 0.00000E+00 0.00000E+00 0.00000E+00 0.00000E+00 % lost data
4.81462E+12 1.69922E+15 1.76669E+15 1.77823E+15 1.76472E+15 1.75308E+15 1.73697E+15 1.72616E+15 1.71239E+15 1.70643E+15 1.69355E+15 1.68643E+15 1.67564E+15 1.67122E+15 % total
];

TOT_ING_TOX = [
0.00000E+00 0.00000E+00 0.00000E+00 0.00000E+00 0.00000E+00 0.00000E+00 0.00000E+00 0.00000E+00 0.00000E+00 0.00000E+00 0.00000E+00 0.00000E+00 0.00000E+00 0.00000E+00 % lost data
1.88539E+06 2.48338E+06 2.92199E+06 3.46856E+06 3.61318E+06 3.71291E+06 3.78281E+06 3.84441E+06 3.88716E+06 3.92862E+06 3.94824E+06 3.96617E+06 3.97024E+06 3.97486E+06 % total
];

TOT_INH_TOX = [
0.00000E+00 0.00000E+00 0.00000E+00 0.00000E+00 0.00000E+00 0.00000E+00 0.00000E+00 0.00000E+00 0.00000E+00 0.00000E+00 0.00000E+00 0.00000E+00 0.00000E+00 0.00000E+00 % lost data
9.04011E+08 9.24350E+08 1.06370E+09 1.29137E+09 1.34674E+09 1.38608E+09 1.41341E+09 1.43655E+09 1.45162E+09 1.46511E+09 1.46979E+09 1.47290E+09 1.47048E+09 1.46741E+09 % total
];

BU = [ 0.00000E+00 1.00000E-01 1.00000E+00 6.00000E+00 1.20000E+01 1.80000E+01 2.40000E+01 3.00000E+01 3.60000E+01 4.20000E+01 4.80000E+01 5.40000E+01 6.00000E+01 6.60000E+01 ];

DAYS = [ 0.00000E+00 1.33813E+01 1.33813E+02 8.02879E+02 1.60576E+03 2.40864E+03 3.21151E+03 4.01439E+03 4.81727E+03 5.62015E+03 6.42303E+03 7.22591E+03 8.02879E+03 8.83167E+03 ];
