
ZAI = [
666
0
];

NAMES = [
'lost            '
'total           '
];

iLOST    = 1;
iTOT     = 2;

MAT_fuel_VOLUME = [ 3.12079E+06 3.12079E+06 3.12079E+06 3.12079E+06 3.12079E+06 3.12079E+06 3.12079E+06 3.12079E+06 3.12079E+06 3.12079E+06 3.12079E+06 3.12079E+06 3.12079E+06 3.12079E+06 ];

MAT_fuel_BURNUP = [ 0.00000E+00 1.00000E-01 1.00001E+00 6.00003E+00 1.20000E+01 1.80000E+01 2.40001E+01 3.00001E+01 3.60001E+01 4.20001E+01 4.80001E+01 5.40001E+01 6.00001E+01 6.60001E+01 ];

MAT_fuel_ADENS = [
0.00000E+00 0.00000E+00 0.00000E+00 0.00000E+00 0.00000E+00 0.00000E+00 0.00000E+00 0.00000E+00 0.00000E+00 0.00000E+00 0.00000E+00 0.00000E+00 0.00000E+00 0.00000E+00 % lost data
6.33225E-02 6.33258E-02 6.33577E-02 6.35565E-02 6.38071E-02 6.40581E-02 6.43082E-02 6.45571E-02 6.48047E-02 6.50509E-02 6.52958E-02 6.55392E-02 6.57813E-02 6.60220E-02 % total
];

MAT_fuel_MDENS = [
0.00000E+00 0.00000E+00 0.00000E+00 0.00000E+00 0.00000E+00 0.00000E+00 0.00000E+00 0.00000E+00 0.00000E+00 0.00000E+00 0.00000E+00 0.00000E+00 0.00000E+00 0.00000E+00 % lost data
1.33200E+01 1.33200E+01 1.33200E+01 1.33197E+01 1.33195E+01 1.33192E+01 1.33190E+01 1.33187E+01 1.33184E+01 1.33182E+01 1.33179E+01 1.33176E+01 1.33174E+01 1.33171E+01 % total
];

MAT_fuel_A = [
0.00000E+00 0.00000E+00 0.00000E+00 0.00000E+00 0.00000E+00 0.00000E+00 0.00000E+00 0.00000E+00 0.00000E+00 0.00000E+00 0.00000E+00 0.00000E+00 0.00000E+00 0.00000E+00 % lost data
2.81685E+18 8.92748E+19 9.56201E+19 9.89454E+19 9.93107E+19 9.90002E+19 9.85929E+19 9.81481E+19 9.77411E+19 9.72729E+19 9.68786E+19 9.64628E+19 9.61359E+19 9.57865E+19 % total
];

MAT_fuel_H = [
0.00000E+00 0.00000E+00 0.00000E+00 0.00000E+00 0.00000E+00 0.00000E+00 0.00000E+00 0.00000E+00 0.00000E+00 0.00000E+00 0.00000E+00 0.00000E+00 0.00000E+00 0.00000E+00 % lost data
3.38267E+05 2.38376E+07 2.53470E+07 2.72257E+07 2.73999E+07 2.72993E+07 2.71657E+07 2.70228E+07 2.68846E+07 2.67424E+07 2.66064E+07 2.64698E+07 2.63488E+07 2.62265E+07 % total
];

MAT_fuel_SF = [
0.00000E+00 0.00000E+00 0.00000E+00 0.00000E+00 0.00000E+00 0.00000E+00 0.00000E+00 0.00000E+00 0.00000E+00 0.00000E+00 0.00000E+00 0.00000E+00 0.00000E+00 0.00000E+00 % lost data
1.07905E+09 8.14947E+09 6.58623E+10 1.73201E+11 1.83922E+11 1.80990E+11 1.77350E+11 1.73915E+11 1.70982E+11 1.67979E+11 1.65674E+11 1.63566E+11 1.62192E+11 1.60943E+11 % total
];

MAT_fuel_GSRC = [
0.00000E+00 0.00000E+00 0.00000E+00 0.00000E+00 0.00000E+00 0.00000E+00 0.00000E+00 0.00000E+00 0.00000E+00 0.00000E+00 0.00000E+00 0.00000E+00 0.00000E+00 0.00000E+00 % lost data
2.13852E+17 9.36065E+19 9.86008E+19 9.93328E+19 9.94528E+19 9.93040E+19 9.91254E+19 9.89079E+19 9.87175E+19 9.84412E+19 9.82280E+19 9.79714E+19 9.77909E+19 9.75714E+19 % total
];

MAT_fuel_ING_TOX = [
0.00000E+00 0.00000E+00 0.00000E+00 0.00000E+00 0.00000E+00 0.00000E+00 0.00000E+00 0.00000E+00 0.00000E+00 0.00000E+00 0.00000E+00 0.00000E+00 0.00000E+00 0.00000E+00 % lost data
9.07020E+10 1.21136E+11 1.43010E+11 1.70957E+11 1.79533E+11 1.84105E+11 1.87682E+11 1.90628E+11 1.93111E+11 1.95020E+11 1.96610E+11 1.97772E+11 1.98703E+11 1.99276E+11 % total
];

MAT_fuel_INH_TOX = [
0.00000E+00 0.00000E+00 0.00000E+00 0.00000E+00 0.00000E+00 0.00000E+00 0.00000E+00 0.00000E+00 0.00000E+00 0.00000E+00 0.00000E+00 0.00000E+00 0.00000E+00 0.00000E+00 % lost data
4.34836E+13 4.42371E+13 4.96973E+13 6.11583E+13 6.42976E+13 6.59371E+13 6.72312E+13 6.82775E+13 6.91210E+13 6.97216E+13 7.01709E+13 7.04365E+13 7.05901E+13 7.05883E+13 % total
];

TOT_VOLUME = [ 3.12079E+06 3.12079E+06 3.12079E+06 3.12079E+06 3.12079E+06 3.12079E+06 3.12079E+06 3.12079E+06 3.12079E+06 3.12079E+06 3.12079E+06 3.12079E+06 3.12079E+06 3.12079E+06 ];

TOT_BURNUP = [ 0.00000E+00 1.00000E-01 1.00001E+00 6.00003E+00 1.20000E+01 1.80000E+01 2.40001E+01 3.00001E+01 3.60001E+01 4.20001E+01 4.80001E+01 5.40001E+01 6.00001E+01 6.60001E+01 ];

TOT_ADENS = [
0.00000E+00 0.00000E+00 0.00000E+00 0.00000E+00 0.00000E+00 0.00000E+00 0.00000E+00 0.00000E+00 0.00000E+00 0.00000E+00 0.00000E+00 0.00000E+00 0.00000E+00 0.00000E+00 % lost data
6.33225E-02 6.33258E-02 6.33577E-02 6.35565E-02 6.38071E-02 6.40581E-02 6.43082E-02 6.45571E-02 6.48047E-02 6.50509E-02 6.52958E-02 6.55392E-02 6.57813E-02 6.60220E-02 % total
];

TOT_MASS = [
0.00000E+00 0.00000E+00 0.00000E+00 0.00000E+00 0.00000E+00 0.00000E+00 0.00000E+00 0.00000E+00 0.00000E+00 0.00000E+00 0.00000E+00 0.00000E+00 0.00000E+00 0.00000E+00 % lost data
4.15689E+07 4.15689E+07 4.15688E+07 4.15681E+07 4.15673E+07 4.15665E+07 4.15657E+07 4.15649E+07 4.15640E+07 4.15632E+07 4.15624E+07 4.15616E+07 4.15607E+07 4.15599E+07 % total
];

TOT_A = [
0.00000E+00 0.00000E+00 0.00000E+00 0.00000E+00 0.00000E+00 0.00000E+00 0.00000E+00 0.00000E+00 0.00000E+00 0.00000E+00 0.00000E+00 0.00000E+00 0.00000E+00 0.00000E+00 % lost data
2.81685E+18 8.92748E+19 9.56201E+19 9.89454E+19 9.93107E+19 9.90002E+19 9.85929E+19 9.81481E+19 9.77411E+19 9.72729E+19 9.68786E+19 9.64628E+19 9.61359E+19 9.57865E+19 % total
];

TOT_H = [
0.00000E+00 0.00000E+00 0.00000E+00 0.00000E+00 0.00000E+00 0.00000E+00 0.00000E+00 0.00000E+00 0.00000E+00 0.00000E+00 0.00000E+00 0.00000E+00 0.00000E+00 0.00000E+00 % lost data
3.38267E+05 2.38376E+07 2.53470E+07 2.72257E+07 2.73999E+07 2.72993E+07 2.71657E+07 2.70228E+07 2.68846E+07 2.67424E+07 2.66064E+07 2.64698E+07 2.63488E+07 2.62265E+07 % total
];

TOT_SF = [
0.00000E+00 0.00000E+00 0.00000E+00 0.00000E+00 0.00000E+00 0.00000E+00 0.00000E+00 0.00000E+00 0.00000E+00 0.00000E+00 0.00000E+00 0.00000E+00 0.00000E+00 0.00000E+00 % lost data
1.07905E+09 8.14947E+09 6.58623E+10 1.73201E+11 1.83922E+11 1.80990E+11 1.77350E+11 1.73915E+11 1.70982E+11 1.67979E+11 1.65674E+11 1.63566E+11 1.62192E+11 1.60943E+11 % total
];

TOT_GSRC = [
0.00000E+00 0.00000E+00 0.00000E+00 0.00000E+00 0.00000E+00 0.00000E+00 0.00000E+00 0.00000E+00 0.00000E+00 0.00000E+00 0.00000E+00 0.00000E+00 0.00000E+00 0.00000E+00 % lost data
2.13852E+17 9.36065E+19 9.86008E+19 9.93328E+19 9.94528E+19 9.93040E+19 9.91254E+19 9.89079E+19 9.87175E+19 9.84412E+19 9.82280E+19 9.79714E+19 9.77909E+19 9.75714E+19 % total
];

TOT_ING_TOX = [
0.00000E+00 0.00000E+00 0.00000E+00 0.00000E+00 0.00000E+00 0.00000E+00 0.00000E+00 0.00000E+00 0.00000E+00 0.00000E+00 0.00000E+00 0.00000E+00 0.00000E+00 0.00000E+00 % lost data
9.07020E+10 1.21136E+11 1.43010E+11 1.70957E+11 1.79533E+11 1.84105E+11 1.87682E+11 1.90628E+11 1.93111E+11 1.95020E+11 1.96610E+11 1.97772E+11 1.98703E+11 1.99276E+11 % total
];

TOT_INH_TOX = [
0.00000E+00 0.00000E+00 0.00000E+00 0.00000E+00 0.00000E+00 0.00000E+00 0.00000E+00 0.00000E+00 0.00000E+00 0.00000E+00 0.00000E+00 0.00000E+00 0.00000E+00 0.00000E+00 % lost data
4.34836E+13 4.42371E+13 4.96973E+13 6.11583E+13 6.42976E+13 6.59371E+13 6.72312E+13 6.82775E+13 6.91210E+13 6.97216E+13 7.01709E+13 7.04365E+13 7.05901E+13 7.05883E+13 % total
];

BU = [ 0.00000E+00 1.00000E-01 1.00000E+00 6.00000E+00 1.20000E+01 1.80000E+01 2.40000E+01 3.00000E+01 3.60000E+01 4.20000E+01 4.80000E+01 5.40000E+01 6.00000E+01 6.60000E+01 ];

DAYS = [ 0.00000E+00 9.77936E+00 9.77936E+01 5.86762E+02 1.17352E+03 1.76028E+03 2.34705E+03 2.93381E+03 3.52057E+03 4.10733E+03 4.69409E+03 5.28085E+03 5.86762E+03 6.45438E+03 ];
