
ZAI = [
666
0
];

NAMES = [
'lost            '
'total           '
];

iLOST    = 1;
iTOT     = 2;

MAT_fuel_VOLUME = [ 3.12079E+06 3.12079E+06 3.12079E+06 3.12079E+06 3.12079E+06 3.12079E+06 3.12079E+06 3.12079E+06 3.12079E+06 3.12079E+06 3.12079E+06 3.12079E+06 3.12079E+06 3.12079E+06 ];

MAT_fuel_BURNUP = [ 0.00000E+00 9.99999E-02 1.00000E+00 6.00004E+00 1.20001E+01 1.80001E+01 2.40001E+01 3.00002E+01 3.60002E+01 4.20002E+01 4.80002E+01 5.40003E+01 6.00003E+01 6.60002E+01 ];

MAT_fuel_ADENS = [
0.00000E+00 0.00000E+00 0.00000E+00 0.00000E+00 0.00000E+00 0.00000E+00 0.00000E+00 0.00000E+00 0.00000E+00 0.00000E+00 0.00000E+00 0.00000E+00 0.00000E+00 0.00000E+00 % lost data
6.33257E-02 6.33291E-02 6.33610E-02 6.35618E-02 6.38151E-02 6.40685E-02 6.43205E-02 6.45708E-02 6.48195E-02 6.50665E-02 6.53120E-02 6.55558E-02 6.57980E-02 6.60388E-02 % total
];

MAT_fuel_MDENS = [
0.00000E+00 0.00000E+00 0.00000E+00 0.00000E+00 0.00000E+00 0.00000E+00 0.00000E+00 0.00000E+00 0.00000E+00 0.00000E+00 0.00000E+00 0.00000E+00 0.00000E+00 0.00000E+00 % lost data
1.33200E+01 1.33200E+01 1.33200E+01 1.33198E+01 1.33195E+01 1.33193E+01 1.33190E+01 1.33188E+01 1.33185E+01 1.33183E+01 1.33180E+01 1.33178E+01 1.33175E+01 1.33173E+01 % total
];

MAT_fuel_A = [
0.00000E+00 0.00000E+00 0.00000E+00 0.00000E+00 0.00000E+00 0.00000E+00 0.00000E+00 0.00000E+00 0.00000E+00 0.00000E+00 0.00000E+00 0.00000E+00 0.00000E+00 0.00000E+00 % lost data
2.66302E+18 9.08683E+19 9.72982E+19 1.00920E+20 1.01069E+20 1.00611E+20 1.00063E+20 9.93887E+19 9.88191E+19 9.83197E+19 9.77615E+19 9.73253E+19 9.68426E+19 9.64556E+19 % total
];

MAT_fuel_H = [
0.00000E+00 0.00000E+00 0.00000E+00 0.00000E+00 0.00000E+00 0.00000E+00 0.00000E+00 0.00000E+00 0.00000E+00 0.00000E+00 0.00000E+00 0.00000E+00 0.00000E+00 0.00000E+00 % lost data
3.31543E+05 2.40049E+07 2.55862E+07 2.76132E+07 2.77603E+07 2.76098E+07 2.74345E+07 2.72421E+07 2.70664E+07 2.69003E+07 2.67338E+07 2.65883E+07 2.64325E+07 2.63009E+07 % total
];

MAT_fuel_SF = [
0.00000E+00 0.00000E+00 0.00000E+00 0.00000E+00 0.00000E+00 0.00000E+00 0.00000E+00 0.00000E+00 0.00000E+00 0.00000E+00 0.00000E+00 0.00000E+00 0.00000E+00 0.00000E+00 % lost data
1.01444E+09 8.51828E+09 6.95838E+10 1.82873E+11 1.92099E+11 1.87985E+11 1.83180E+11 1.77995E+11 1.73886E+11 1.70604E+11 1.67299E+11 1.64890E+11 1.62669E+11 1.61015E+11 % total
];

MAT_fuel_GSRC = [
0.00000E+00 0.00000E+00 0.00000E+00 0.00000E+00 0.00000E+00 0.00000E+00 0.00000E+00 0.00000E+00 0.00000E+00 0.00000E+00 0.00000E+00 0.00000E+00 0.00000E+00 0.00000E+00 % lost data
2.12980E+17 9.55407E+19 1.00599E+20 1.01557E+20 1.01449E+20 1.01161E+20 1.00845E+20 1.00399E+20 1.00041E+20 9.97377E+19 9.93504E+19 9.90727E+19 9.87308E+19 9.84716E+19 % total
];

MAT_fuel_ING_TOX = [
0.00000E+00 0.00000E+00 0.00000E+00 0.00000E+00 0.00000E+00 0.00000E+00 0.00000E+00 0.00000E+00 0.00000E+00 0.00000E+00 0.00000E+00 0.00000E+00 0.00000E+00 0.00000E+00 % lost data
8.82731E+10 1.19430E+11 1.41995E+11 1.71461E+11 1.80003E+11 1.84552E+11 1.88035E+11 1.90657E+11 1.92888E+11 1.94751E+11 1.96061E+11 1.97119E+11 1.97765E+11 1.98165E+11 % total
];

MAT_fuel_INH_TOX = [
0.00000E+00 0.00000E+00 0.00000E+00 0.00000E+00 0.00000E+00 0.00000E+00 0.00000E+00 0.00000E+00 0.00000E+00 0.00000E+00 0.00000E+00 0.00000E+00 0.00000E+00 0.00000E+00 % lost data
4.23209E+13 4.31211E+13 4.89073E+13 6.10584E+13 6.42090E+13 6.58495E+13 6.71131E+13 6.80353E+13 6.87822E+13 6.93585E+13 6.96998E+13 6.99159E+13 6.99567E+13 6.98789E+13 % total
];

TOT_VOLUME = [ 3.12079E+06 3.12079E+06 3.12079E+06 3.12079E+06 3.12079E+06 3.12079E+06 3.12079E+06 3.12079E+06 3.12079E+06 3.12079E+06 3.12079E+06 3.12079E+06 3.12079E+06 3.12079E+06 ];

TOT_BURNUP = [ 0.00000E+00 9.99999E-02 1.00000E+00 6.00004E+00 1.20001E+01 1.80001E+01 2.40001E+01 3.00002E+01 3.60002E+01 4.20002E+01 4.80002E+01 5.40003E+01 6.00003E+01 6.60002E+01 ];

TOT_ADENS = [
0.00000E+00 0.00000E+00 0.00000E+00 0.00000E+00 0.00000E+00 0.00000E+00 0.00000E+00 0.00000E+00 0.00000E+00 0.00000E+00 0.00000E+00 0.00000E+00 0.00000E+00 0.00000E+00 % lost data
6.33257E-02 6.33291E-02 6.33610E-02 6.35618E-02 6.38151E-02 6.40685E-02 6.43205E-02 6.45708E-02 6.48195E-02 6.50665E-02 6.53120E-02 6.55558E-02 6.57980E-02 6.60388E-02 % total
];

TOT_MASS = [
0.00000E+00 0.00000E+00 0.00000E+00 0.00000E+00 0.00000E+00 0.00000E+00 0.00000E+00 0.00000E+00 0.00000E+00 0.00000E+00 0.00000E+00 0.00000E+00 0.00000E+00 0.00000E+00 % lost data
4.15689E+07 4.15689E+07 4.15688E+07 4.15682E+07 4.15674E+07 4.15667E+07 4.15659E+07 4.15652E+07 4.15644E+07 4.15636E+07 4.15628E+07 4.15620E+07 4.15612E+07 4.15604E+07 % total
];

TOT_A = [
0.00000E+00 0.00000E+00 0.00000E+00 0.00000E+00 0.00000E+00 0.00000E+00 0.00000E+00 0.00000E+00 0.00000E+00 0.00000E+00 0.00000E+00 0.00000E+00 0.00000E+00 0.00000E+00 % lost data
2.66302E+18 9.08683E+19 9.72982E+19 1.00920E+20 1.01069E+20 1.00611E+20 1.00063E+20 9.93887E+19 9.88191E+19 9.83197E+19 9.77615E+19 9.73253E+19 9.68426E+19 9.64556E+19 % total
];

TOT_H = [
0.00000E+00 0.00000E+00 0.00000E+00 0.00000E+00 0.00000E+00 0.00000E+00 0.00000E+00 0.00000E+00 0.00000E+00 0.00000E+00 0.00000E+00 0.00000E+00 0.00000E+00 0.00000E+00 % lost data
3.31543E+05 2.40049E+07 2.55862E+07 2.76132E+07 2.77603E+07 2.76098E+07 2.74345E+07 2.72421E+07 2.70664E+07 2.69003E+07 2.67338E+07 2.65883E+07 2.64325E+07 2.63009E+07 % total
];

TOT_SF = [
0.00000E+00 0.00000E+00 0.00000E+00 0.00000E+00 0.00000E+00 0.00000E+00 0.00000E+00 0.00000E+00 0.00000E+00 0.00000E+00 0.00000E+00 0.00000E+00 0.00000E+00 0.00000E+00 % lost data
1.01444E+09 8.51828E+09 6.95838E+10 1.82873E+11 1.92099E+11 1.87985E+11 1.83180E+11 1.77995E+11 1.73886E+11 1.70604E+11 1.67299E+11 1.64890E+11 1.62669E+11 1.61015E+11 % total
];

TOT_GSRC = [
0.00000E+00 0.00000E+00 0.00000E+00 0.00000E+00 0.00000E+00 0.00000E+00 0.00000E+00 0.00000E+00 0.00000E+00 0.00000E+00 0.00000E+00 0.00000E+00 0.00000E+00 0.00000E+00 % lost data
2.12980E+17 9.55407E+19 1.00599E+20 1.01557E+20 1.01449E+20 1.01161E+20 1.00845E+20 1.00399E+20 1.00041E+20 9.97377E+19 9.93504E+19 9.90727E+19 9.87308E+19 9.84716E+19 % total
];

TOT_ING_TOX = [
0.00000E+00 0.00000E+00 0.00000E+00 0.00000E+00 0.00000E+00 0.00000E+00 0.00000E+00 0.00000E+00 0.00000E+00 0.00000E+00 0.00000E+00 0.00000E+00 0.00000E+00 0.00000E+00 % lost data
8.82731E+10 1.19430E+11 1.41995E+11 1.71461E+11 1.80003E+11 1.84552E+11 1.88035E+11 1.90657E+11 1.92888E+11 1.94751E+11 1.96061E+11 1.97119E+11 1.97765E+11 1.98165E+11 % total
];

TOT_INH_TOX = [
0.00000E+00 0.00000E+00 0.00000E+00 0.00000E+00 0.00000E+00 0.00000E+00 0.00000E+00 0.00000E+00 0.00000E+00 0.00000E+00 0.00000E+00 0.00000E+00 0.00000E+00 0.00000E+00 % lost data
4.23209E+13 4.31211E+13 4.89073E+13 6.10584E+13 6.42090E+13 6.58495E+13 6.71131E+13 6.80353E+13 6.87822E+13 6.93585E+13 6.96998E+13 6.99159E+13 6.99567E+13 6.98789E+13 % total
];

BU = [ 0.00000E+00 1.00000E-01 1.00000E+00 6.00000E+00 1.20000E+01 1.80000E+01 2.40000E+01 3.00000E+01 3.60000E+01 4.20000E+01 4.80000E+01 5.40000E+01 6.00000E+01 6.60000E+01 ];

DAYS = [ 0.00000E+00 9.77933E+00 9.77933E+01 5.86760E+02 1.17352E+03 1.76028E+03 2.34704E+03 2.93380E+03 3.52056E+03 4.10732E+03 4.69408E+03 5.28084E+03 5.86760E+03 6.45436E+03 ];
