
ZAI = [
666
0
];

NAMES = [
'lost            '
'total           '
];

iLOST    = 1;
iTOT     = 2;

MAT_fuel_VOLUME = [ 3.12079E+06 3.12079E+06 3.12079E+06 3.12079E+06 3.12079E+06 3.12079E+06 3.12079E+06 3.12079E+06 3.12079E+06 3.12079E+06 3.12079E+06 3.12079E+06 3.12079E+06 3.12079E+06 ];

MAT_fuel_BURNUP = [ 0.00000E+00 1.00000E-01 1.00000E+00 5.99999E+00 1.20000E+01 1.80000E+01 2.40000E+01 3.00000E+01 3.60000E+01 4.20000E+01 4.80000E+01 5.40000E+01 6.00000E+01 6.60000E+01 ];

MAT_fuel_ADENS = [
0.00000E+00 0.00000E+00 0.00000E+00 0.00000E+00 0.00000E+00 0.00000E+00 0.00000E+00 0.00000E+00 0.00000E+00 0.00000E+00 0.00000E+00 0.00000E+00 0.00000E+00 0.00000E+00 % lost data
6.33253E-02 6.33286E-02 6.33606E-02 6.35611E-02 6.38140E-02 6.40670E-02 6.43187E-02 6.45688E-02 6.48174E-02 6.50644E-02 6.53097E-02 6.55535E-02 6.57957E-02 6.60364E-02 % total
];

MAT_fuel_MDENS = [
0.00000E+00 0.00000E+00 0.00000E+00 0.00000E+00 0.00000E+00 0.00000E+00 0.00000E+00 0.00000E+00 0.00000E+00 0.00000E+00 0.00000E+00 0.00000E+00 0.00000E+00 0.00000E+00 % lost data
1.33200E+01 1.33200E+01 1.33200E+01 1.33198E+01 1.33195E+01 1.33193E+01 1.33190E+01 1.33188E+01 1.33185E+01 1.33183E+01 1.33180E+01 1.33178E+01 1.33175E+01 1.33173E+01 % total
];

MAT_fuel_A = [
0.00000E+00 0.00000E+00 0.00000E+00 0.00000E+00 0.00000E+00 0.00000E+00 0.00000E+00 0.00000E+00 0.00000E+00 0.00000E+00 0.00000E+00 0.00000E+00 0.00000E+00 0.00000E+00 % lost data
2.68353E+18 9.06477E+19 9.70504E+19 1.00641E+20 1.00799E+20 1.00400E+20 9.98057E+19 9.92511E+19 9.87055E+19 9.81972E+19 9.76393E+19 9.71874E+19 9.67387E+19 9.63581E+19 % total
];

MAT_fuel_H = [
0.00000E+00 0.00000E+00 0.00000E+00 0.00000E+00 0.00000E+00 0.00000E+00 0.00000E+00 0.00000E+00 0.00000E+00 0.00000E+00 0.00000E+00 0.00000E+00 0.00000E+00 0.00000E+00 % lost data
3.32440E+05 2.39845E+07 2.55500E+07 2.75617E+07 2.77042E+07 2.75676E+07 2.73919E+07 2.72161E+07 2.70467E+07 2.68777E+07 2.67185E+07 2.65676E+07 2.64234E+07 2.62890E+07 % total
];

MAT_fuel_SF = [
0.00000E+00 0.00000E+00 0.00000E+00 0.00000E+00 0.00000E+00 0.00000E+00 0.00000E+00 0.00000E+00 0.00000E+00 0.00000E+00 0.00000E+00 0.00000E+00 0.00000E+00 0.00000E+00 % lost data
1.02305E+09 8.46226E+09 6.90581E+10 1.81474E+11 1.90837E+11 1.87032E+11 1.82081E+11 1.77632E+11 1.73756E+11 1.70328E+11 1.67133E+11 1.64596E+11 1.62527E+11 1.61003E+11 % total
];

MAT_fuel_GSRC = [
0.00000E+00 0.00000E+00 0.00000E+00 0.00000E+00 0.00000E+00 0.00000E+00 0.00000E+00 0.00000E+00 0.00000E+00 0.00000E+00 0.00000E+00 0.00000E+00 0.00000E+00 0.00000E+00 % lost data
2.13096E+17 9.52743E+19 1.00305E+20 1.01240E+20 1.01149E+20 1.00919E+20 1.00549E+20 1.00228E+20 9.98942E+19 9.95886E+19 9.91930E+19 9.89022E+19 9.85928E+19 9.83430E+19 % total
];

MAT_fuel_ING_TOX = [
0.00000E+00 0.00000E+00 0.00000E+00 0.00000E+00 0.00000E+00 0.00000E+00 0.00000E+00 0.00000E+00 0.00000E+00 0.00000E+00 0.00000E+00 0.00000E+00 0.00000E+00 0.00000E+00 % lost data
8.85970E+10 1.19652E+11 1.42115E+11 1.71361E+11 1.79887E+11 1.84479E+11 1.87880E+11 1.90681E+11 1.92970E+11 1.94802E+11 1.96133E+11 1.97162E+11 1.97859E+11 1.98300E+11 % total
];

MAT_fuel_INH_TOX = [
0.00000E+00 0.00000E+00 0.00000E+00 0.00000E+00 0.00000E+00 0.00000E+00 0.00000E+00 0.00000E+00 0.00000E+00 0.00000E+00 0.00000E+00 0.00000E+00 0.00000E+00 0.00000E+00 % lost data
4.24760E+13 4.32692E+13 4.90096E+13 6.10602E+13 6.41997E+13 6.58532E+13 6.70883E+13 6.80758E+13 6.88467E+13 6.94098E+13 6.97635E+13 6.99681E+13 7.00283E+13 6.99671E+13 % total
];

TOT_VOLUME = [ 3.12079E+06 3.12079E+06 3.12079E+06 3.12079E+06 3.12079E+06 3.12079E+06 3.12079E+06 3.12079E+06 3.12079E+06 3.12079E+06 3.12079E+06 3.12079E+06 3.12079E+06 3.12079E+06 ];

TOT_BURNUP = [ 0.00000E+00 1.00000E-01 1.00000E+00 5.99999E+00 1.20000E+01 1.80000E+01 2.40000E+01 3.00000E+01 3.60000E+01 4.20000E+01 4.80000E+01 5.40000E+01 6.00000E+01 6.60000E+01 ];

TOT_ADENS = [
0.00000E+00 0.00000E+00 0.00000E+00 0.00000E+00 0.00000E+00 0.00000E+00 0.00000E+00 0.00000E+00 0.00000E+00 0.00000E+00 0.00000E+00 0.00000E+00 0.00000E+00 0.00000E+00 % lost data
6.33253E-02 6.33286E-02 6.33606E-02 6.35611E-02 6.38140E-02 6.40670E-02 6.43187E-02 6.45688E-02 6.48174E-02 6.50644E-02 6.53097E-02 6.55535E-02 6.57957E-02 6.60364E-02 % total
];

TOT_MASS = [
0.00000E+00 0.00000E+00 0.00000E+00 0.00000E+00 0.00000E+00 0.00000E+00 0.00000E+00 0.00000E+00 0.00000E+00 0.00000E+00 0.00000E+00 0.00000E+00 0.00000E+00 0.00000E+00 % lost data
4.15689E+07 4.15689E+07 4.15688E+07 4.15682E+07 4.15674E+07 4.15667E+07 4.15659E+07 4.15651E+07 4.15643E+07 4.15636E+07 4.15628E+07 4.15620E+07 4.15612E+07 4.15604E+07 % total
];

TOT_A = [
0.00000E+00 0.00000E+00 0.00000E+00 0.00000E+00 0.00000E+00 0.00000E+00 0.00000E+00 0.00000E+00 0.00000E+00 0.00000E+00 0.00000E+00 0.00000E+00 0.00000E+00 0.00000E+00 % lost data
2.68353E+18 9.06477E+19 9.70504E+19 1.00641E+20 1.00799E+20 1.00400E+20 9.98057E+19 9.92511E+19 9.87055E+19 9.81972E+19 9.76393E+19 9.71874E+19 9.67387E+19 9.63581E+19 % total
];

TOT_H = [
0.00000E+00 0.00000E+00 0.00000E+00 0.00000E+00 0.00000E+00 0.00000E+00 0.00000E+00 0.00000E+00 0.00000E+00 0.00000E+00 0.00000E+00 0.00000E+00 0.00000E+00 0.00000E+00 % lost data
3.32440E+05 2.39845E+07 2.55500E+07 2.75617E+07 2.77042E+07 2.75676E+07 2.73919E+07 2.72161E+07 2.70467E+07 2.68777E+07 2.67185E+07 2.65676E+07 2.64234E+07 2.62890E+07 % total
];

TOT_SF = [
0.00000E+00 0.00000E+00 0.00000E+00 0.00000E+00 0.00000E+00 0.00000E+00 0.00000E+00 0.00000E+00 0.00000E+00 0.00000E+00 0.00000E+00 0.00000E+00 0.00000E+00 0.00000E+00 % lost data
1.02305E+09 8.46226E+09 6.90581E+10 1.81474E+11 1.90837E+11 1.87032E+11 1.82081E+11 1.77632E+11 1.73756E+11 1.70328E+11 1.67133E+11 1.64596E+11 1.62527E+11 1.61003E+11 % total
];

TOT_GSRC = [
0.00000E+00 0.00000E+00 0.00000E+00 0.00000E+00 0.00000E+00 0.00000E+00 0.00000E+00 0.00000E+00 0.00000E+00 0.00000E+00 0.00000E+00 0.00000E+00 0.00000E+00 0.00000E+00 % lost data
2.13096E+17 9.52743E+19 1.00305E+20 1.01240E+20 1.01149E+20 1.00919E+20 1.00549E+20 1.00228E+20 9.98942E+19 9.95886E+19 9.91930E+19 9.89022E+19 9.85928E+19 9.83430E+19 % total
];

TOT_ING_TOX = [
0.00000E+00 0.00000E+00 0.00000E+00 0.00000E+00 0.00000E+00 0.00000E+00 0.00000E+00 0.00000E+00 0.00000E+00 0.00000E+00 0.00000E+00 0.00000E+00 0.00000E+00 0.00000E+00 % lost data
8.85970E+10 1.19652E+11 1.42115E+11 1.71361E+11 1.79887E+11 1.84479E+11 1.87880E+11 1.90681E+11 1.92970E+11 1.94802E+11 1.96133E+11 1.97162E+11 1.97859E+11 1.98300E+11 % total
];

TOT_INH_TOX = [
0.00000E+00 0.00000E+00 0.00000E+00 0.00000E+00 0.00000E+00 0.00000E+00 0.00000E+00 0.00000E+00 0.00000E+00 0.00000E+00 0.00000E+00 0.00000E+00 0.00000E+00 0.00000E+00 % lost data
4.24760E+13 4.32692E+13 4.90096E+13 6.10602E+13 6.41997E+13 6.58532E+13 6.70883E+13 6.80758E+13 6.88467E+13 6.94098E+13 6.97635E+13 6.99681E+13 7.00283E+13 6.99671E+13 % total
];

BU = [ 0.00000E+00 1.00000E-01 1.00000E+00 6.00000E+00 1.20000E+01 1.80000E+01 2.40000E+01 3.00000E+01 3.60000E+01 4.20000E+01 4.80000E+01 5.40000E+01 6.00000E+01 6.60000E+01 ];

DAYS = [ 0.00000E+00 9.77933E+00 9.77933E+01 5.86760E+02 1.17352E+03 1.76028E+03 2.34704E+03 2.93380E+03 3.52056E+03 4.10732E+03 4.69408E+03 5.28084E+03 5.86760E+03 6.45436E+03 ];
