
ZAI = [
666
0
];

NAMES = [
'lost            '
'total           '
];

iLOST    = 1;
iTOT     = 2;

MAT_fuel_VOLUME = [ 7.02800E+01 7.02800E+01 7.02800E+01 7.02800E+01 7.02800E+01 7.02800E+01 7.02800E+01 7.02800E+01 7.02800E+01 7.02800E+01 7.02800E+01 7.02800E+01 7.02800E+01 7.02800E+01 ];

MAT_fuel_BURNUP = [ 0.00000E+00 1.00002E-01 9.99962E-01 6.00010E+00 1.20001E+01 1.80003E+01 2.40002E+01 3.00003E+01 3.60003E+01 4.20002E+01 4.80004E+01 5.40004E+01 6.00005E+01 6.60005E+01 ];

MAT_fuel_ADENS = [
0.00000E+00 0.00000E+00 0.00000E+00 0.00000E+00 0.00000E+00 0.00000E+00 0.00000E+00 0.00000E+00 0.00000E+00 0.00000E+00 0.00000E+00 0.00000E+00 0.00000E+00 0.00000E+00 % lost data
6.41819E-02 6.41853E-02 6.42175E-02 6.44187E-02 6.46731E-02 6.49279E-02 6.51811E-02 6.54327E-02 6.56827E-02 6.59310E-02 6.61776E-02 6.64227E-02 6.66664E-02 6.69086E-02 % total
];

MAT_fuel_MDENS = [
0.00000E+00 0.00000E+00 0.00000E+00 0.00000E+00 0.00000E+00 0.00000E+00 0.00000E+00 0.00000E+00 0.00000E+00 0.00000E+00 0.00000E+00 0.00000E+00 0.00000E+00 0.00000E+00 % lost data
1.35000E+01 1.35000E+01 1.35000E+01 1.34997E+01 1.34995E+01 1.34992E+01 1.34990E+01 1.34987E+01 1.34985E+01 1.34982E+01 1.34979E+01 1.34977E+01 1.34974E+01 1.34971E+01 % total
];

MAT_fuel_A = [
0.00000E+00 0.00000E+00 0.00000E+00 0.00000E+00 0.00000E+00 0.00000E+00 0.00000E+00 0.00000E+00 0.00000E+00 0.00000E+00 0.00000E+00 0.00000E+00 0.00000E+00 0.00000E+00 % lost data
6.03133E+13 2.24691E+15 2.41537E+15 2.50465E+15 2.51025E+15 2.49765E+15 2.48173E+15 2.46969E+15 2.45386E+15 2.44005E+15 2.42581E+15 2.41764E+15 2.40894E+15 2.39551E+15 % total
];

MAT_fuel_H = [
0.00000E+00 0.00000E+00 0.00000E+00 0.00000E+00 0.00000E+00 0.00000E+00 0.00000E+00 0.00000E+00 0.00000E+00 0.00000E+00 0.00000E+00 0.00000E+00 0.00000E+00 0.00000E+00 % lost data
7.54676E+00 5.98675E+02 6.37628E+02 6.87288E+02 6.91691E+02 6.87527E+02 6.82868E+02 6.78517E+02 6.73738E+02 6.69372E+02 6.65386E+02 6.62026E+02 6.58757E+02 6.55046E+02 % total
];

MAT_fuel_SF = [
0.00000E+00 0.00000E+00 0.00000E+00 0.00000E+00 0.00000E+00 0.00000E+00 0.00000E+00 0.00000E+00 0.00000E+00 0.00000E+00 0.00000E+00 0.00000E+00 0.00000E+00 0.00000E+00 % lost data
2.29572E+04 1.89676E+05 1.58360E+06 4.37284E+06 4.68538E+06 4.58826E+06 4.44941E+06 4.34410E+06 4.22579E+06 4.12655E+06 4.03316E+06 3.97866E+06 3.92989E+06 3.86453E+06 % total
];

MAT_fuel_GSRC = [
0.00000E+00 0.00000E+00 0.00000E+00 0.00000E+00 0.00000E+00 0.00000E+00 0.00000E+00 0.00000E+00 0.00000E+00 0.00000E+00 0.00000E+00 0.00000E+00 0.00000E+00 0.00000E+00 % lost data
4.85845E+12 2.36488E+15 2.50685E+15 2.52846E+15 2.52553E+15 2.51596E+15 2.50481E+15 2.49814E+15 2.48737E+15 2.47802E+15 2.46771E+15 2.46354E+15 2.45826E+15 2.44755E+15 % total
];

MAT_fuel_ING_TOX = [
0.00000E+00 0.00000E+00 0.00000E+00 0.00000E+00 0.00000E+00 0.00000E+00 0.00000E+00 0.00000E+00 0.00000E+00 0.00000E+00 0.00000E+00 0.00000E+00 0.00000E+00 0.00000E+00 % lost data
2.00738E+06 2.76072E+06 3.31267E+06 4.02666E+06 4.24194E+06 4.34478E+06 4.41697E+06 4.48112E+06 4.52696E+06 4.56416E+06 4.59051E+06 4.61674E+06 4.63460E+06 4.63826E+06 % total
];

MAT_fuel_INH_TOX = [
0.00000E+00 0.00000E+00 0.00000E+00 0.00000E+00 0.00000E+00 0.00000E+00 0.00000E+00 0.00000E+00 0.00000E+00 0.00000E+00 0.00000E+00 0.00000E+00 0.00000E+00 0.00000E+00 % lost data
9.62405E+08 9.80402E+08 1.11231E+09 1.40630E+09 1.48620E+09 1.52253E+09 1.54796E+09 1.57007E+09 1.58476E+09 1.59553E+09 1.60163E+09 1.60683E+09 1.60850E+09 1.60463E+09 % total
];

TOT_VOLUME = [ 7.02800E+01 7.02800E+01 7.02800E+01 7.02800E+01 7.02800E+01 7.02800E+01 7.02800E+01 7.02800E+01 7.02800E+01 7.02800E+01 7.02800E+01 7.02800E+01 7.02800E+01 7.02800E+01 ];

TOT_BURNUP = [ 0.00000E+00 1.00002E-01 9.99962E-01 6.00010E+00 1.20001E+01 1.80003E+01 2.40002E+01 3.00003E+01 3.60003E+01 4.20002E+01 4.80004E+01 5.40004E+01 6.00005E+01 6.60005E+01 ];

TOT_ADENS = [
0.00000E+00 0.00000E+00 0.00000E+00 0.00000E+00 0.00000E+00 0.00000E+00 0.00000E+00 0.00000E+00 0.00000E+00 0.00000E+00 0.00000E+00 0.00000E+00 0.00000E+00 0.00000E+00 % lost data
6.41819E-02 6.41853E-02 6.42175E-02 6.44187E-02 6.46731E-02 6.49279E-02 6.51811E-02 6.54327E-02 6.56827E-02 6.59310E-02 6.61776E-02 6.64227E-02 6.66664E-02 6.69086E-02 % total
];

TOT_MASS = [
0.00000E+00 0.00000E+00 0.00000E+00 0.00000E+00 0.00000E+00 0.00000E+00 0.00000E+00 0.00000E+00 0.00000E+00 0.00000E+00 0.00000E+00 0.00000E+00 0.00000E+00 0.00000E+00 % lost data
9.48780E+02 9.48780E+02 9.48777E+02 9.48762E+02 9.48745E+02 9.48727E+02 9.48709E+02 9.48691E+02 9.48672E+02 9.48654E+02 9.48635E+02 9.48616E+02 9.48597E+02 9.48578E+02 % total
];

TOT_A = [
0.00000E+00 0.00000E+00 0.00000E+00 0.00000E+00 0.00000E+00 0.00000E+00 0.00000E+00 0.00000E+00 0.00000E+00 0.00000E+00 0.00000E+00 0.00000E+00 0.00000E+00 0.00000E+00 % lost data
6.03133E+13 2.24691E+15 2.41537E+15 2.50465E+15 2.51025E+15 2.49765E+15 2.48173E+15 2.46969E+15 2.45386E+15 2.44005E+15 2.42581E+15 2.41764E+15 2.40894E+15 2.39551E+15 % total
];

TOT_H = [
0.00000E+00 0.00000E+00 0.00000E+00 0.00000E+00 0.00000E+00 0.00000E+00 0.00000E+00 0.00000E+00 0.00000E+00 0.00000E+00 0.00000E+00 0.00000E+00 0.00000E+00 0.00000E+00 % lost data
7.54676E+00 5.98675E+02 6.37628E+02 6.87288E+02 6.91691E+02 6.87527E+02 6.82868E+02 6.78517E+02 6.73738E+02 6.69372E+02 6.65386E+02 6.62026E+02 6.58757E+02 6.55046E+02 % total
];

TOT_SF = [
0.00000E+00 0.00000E+00 0.00000E+00 0.00000E+00 0.00000E+00 0.00000E+00 0.00000E+00 0.00000E+00 0.00000E+00 0.00000E+00 0.00000E+00 0.00000E+00 0.00000E+00 0.00000E+00 % lost data
2.29572E+04 1.89676E+05 1.58360E+06 4.37284E+06 4.68538E+06 4.58826E+06 4.44941E+06 4.34410E+06 4.22579E+06 4.12655E+06 4.03316E+06 3.97866E+06 3.92989E+06 3.86453E+06 % total
];

TOT_GSRC = [
0.00000E+00 0.00000E+00 0.00000E+00 0.00000E+00 0.00000E+00 0.00000E+00 0.00000E+00 0.00000E+00 0.00000E+00 0.00000E+00 0.00000E+00 0.00000E+00 0.00000E+00 0.00000E+00 % lost data
4.85845E+12 2.36488E+15 2.50685E+15 2.52846E+15 2.52553E+15 2.51596E+15 2.50481E+15 2.49814E+15 2.48737E+15 2.47802E+15 2.46771E+15 2.46354E+15 2.45826E+15 2.44755E+15 % total
];

TOT_ING_TOX = [
0.00000E+00 0.00000E+00 0.00000E+00 0.00000E+00 0.00000E+00 0.00000E+00 0.00000E+00 0.00000E+00 0.00000E+00 0.00000E+00 0.00000E+00 0.00000E+00 0.00000E+00 0.00000E+00 % lost data
2.00738E+06 2.76072E+06 3.31267E+06 4.02666E+06 4.24194E+06 4.34478E+06 4.41697E+06 4.48112E+06 4.52696E+06 4.56416E+06 4.59051E+06 4.61674E+06 4.63460E+06 4.63826E+06 % total
];

TOT_INH_TOX = [
0.00000E+00 0.00000E+00 0.00000E+00 0.00000E+00 0.00000E+00 0.00000E+00 0.00000E+00 0.00000E+00 0.00000E+00 0.00000E+00 0.00000E+00 0.00000E+00 0.00000E+00 0.00000E+00 % lost data
9.62405E+08 9.80402E+08 1.11231E+09 1.40630E+09 1.48620E+09 1.52253E+09 1.54796E+09 1.57007E+09 1.58476E+09 1.59553E+09 1.60163E+09 1.60683E+09 1.60850E+09 1.60463E+09 % total
];

BU = [ 0.00000E+00 1.00000E-01 1.00000E+00 6.00000E+00 1.20000E+01 1.80000E+01 2.40000E+01 3.00000E+01 3.60000E+01 4.20000E+01 4.80000E+01 5.40000E+01 6.00000E+01 6.60000E+01 ];

DAYS = [ 0.00000E+00 8.92823E+00 8.92823E+01 5.35694E+02 1.07139E+03 1.60708E+03 2.14278E+03 2.67847E+03 3.21416E+03 3.74986E+03 4.28555E+03 4.82125E+03 5.35694E+03 5.89263E+03 ];
