
ZAI = [
666
0
];

NAMES = [
'lost            '
'total           '
];

iLOST    = 1;
iTOT     = 2;

MAT_fuel_VOLUME = [ 7.02800E+01 7.02800E+01 7.02800E+01 7.02800E+01 7.02800E+01 7.02800E+01 7.02800E+01 7.02800E+01 7.02800E+01 7.02800E+01 7.02800E+01 7.02800E+01 7.02800E+01 7.02800E+01 ];

MAT_fuel_BURNUP = [ 0.00000E+00 1.00001E-01 9.99947E-01 6.00020E+00 1.20002E+01 1.80003E+01 2.40002E+01 3.00003E+01 3.60003E+01 4.20003E+01 4.80004E+01 5.40004E+01 6.00003E+01 6.60004E+01 ];

MAT_fuel_ADENS = [
0.00000E+00 0.00000E+00 0.00000E+00 0.00000E+00 0.00000E+00 0.00000E+00 0.00000E+00 0.00000E+00 0.00000E+00 0.00000E+00 0.00000E+00 0.00000E+00 0.00000E+00 0.00000E+00 % lost data
6.41814E-02 6.41849E-02 6.42181E-02 6.44270E-02 6.46865E-02 6.49458E-02 6.52039E-02 6.54605E-02 6.57156E-02 6.59692E-02 6.62215E-02 6.64719E-02 6.67210E-02 6.69684E-02 % total
];

MAT_fuel_MDENS = [
0.00000E+00 0.00000E+00 0.00000E+00 0.00000E+00 0.00000E+00 0.00000E+00 0.00000E+00 0.00000E+00 0.00000E+00 0.00000E+00 0.00000E+00 0.00000E+00 0.00000E+00 0.00000E+00 % lost data
1.35000E+01 1.35000E+01 1.35000E+01 1.34997E+01 1.34995E+01 1.34992E+01 1.34990E+01 1.34987E+01 1.34985E+01 1.34982E+01 1.34980E+01 1.34977E+01 1.34974E+01 1.34972E+01 % total
];

MAT_fuel_A = [
0.00000E+00 0.00000E+00 0.00000E+00 0.00000E+00 0.00000E+00 0.00000E+00 0.00000E+00 0.00000E+00 0.00000E+00 0.00000E+00 0.00000E+00 0.00000E+00 0.00000E+00 0.00000E+00 % lost data
6.07815E+13 1.54344E+15 1.64780E+15 1.69229E+15 1.69030E+15 1.68483E+15 1.67280E+15 1.66147E+15 1.65322E+15 1.64341E+15 1.63683E+15 1.62504E+15 1.62154E+15 1.61218E+15 % total
];

MAT_fuel_H = [
0.00000E+00 0.00000E+00 0.00000E+00 0.00000E+00 0.00000E+00 0.00000E+00 0.00000E+00 0.00000E+00 0.00000E+00 0.00000E+00 0.00000E+00 0.00000E+00 0.00000E+00 0.00000E+00 % lost data
7.56723E+00 4.05291E+02 4.34517E+02 4.64557E+02 4.64563E+02 4.62528E+02 4.59582E+02 4.56690E+02 4.54214E+02 4.51457E+02 4.49057E+02 4.46192E+02 4.44367E+02 4.41826E+02 % total
];

MAT_fuel_SF = [
0.00000E+00 0.00000E+00 0.00000E+00 0.00000E+00 0.00000E+00 0.00000E+00 0.00000E+00 0.00000E+00 0.00000E+00 0.00000E+00 0.00000E+00 0.00000E+00 0.00000E+00 0.00000E+00 % lost data
2.31538E+04 1.93645E+05 1.46735E+06 3.15159E+06 3.20177E+06 3.16803E+06 3.09404E+06 3.03244E+06 2.98584E+06 2.94079E+06 2.91607E+06 2.86680E+06 2.86191E+06 2.83144E+06 % total
];

MAT_fuel_GSRC = [
0.00000E+00 0.00000E+00 0.00000E+00 0.00000E+00 0.00000E+00 0.00000E+00 0.00000E+00 0.00000E+00 0.00000E+00 0.00000E+00 0.00000E+00 0.00000E+00 0.00000E+00 0.00000E+00 % lost data
4.86110E+12 1.61015E+15 1.67930E+15 1.68397E+15 1.68298E+15 1.68297E+15 1.67615E+15 1.66953E+15 1.66557E+15 1.65942E+15 1.65629E+15 1.64703E+15 1.64636E+15 1.63914E+15 % total
];

MAT_fuel_ING_TOX = [
0.00000E+00 0.00000E+00 0.00000E+00 0.00000E+00 0.00000E+00 0.00000E+00 0.00000E+00 0.00000E+00 0.00000E+00 0.00000E+00 0.00000E+00 0.00000E+00 0.00000E+00 0.00000E+00 % lost data
2.01477E+06 2.57814E+06 2.98063E+06 3.45900E+06 3.60808E+06 3.71610E+06 3.79596E+06 3.86305E+06 3.92036E+06 3.96453E+06 4.00259E+06 4.02225E+06 4.04457E+06 4.05026E+06 % total
];

MAT_fuel_INH_TOX = [
0.00000E+00 0.00000E+00 0.00000E+00 0.00000E+00 0.00000E+00 0.00000E+00 0.00000E+00 0.00000E+00 0.00000E+00 0.00000E+00 0.00000E+00 0.00000E+00 0.00000E+00 0.00000E+00 % lost data
9.65944E+08 9.83512E+08 1.10476E+09 1.30088E+09 1.35680E+09 1.39862E+09 1.42957E+09 1.45489E+09 1.47553E+09 1.49060E+09 1.50249E+09 1.50704E+09 1.51161E+09 1.50971E+09 % total
];

TOT_VOLUME = [ 7.02800E+01 7.02800E+01 7.02800E+01 7.02800E+01 7.02800E+01 7.02800E+01 7.02800E+01 7.02800E+01 7.02800E+01 7.02800E+01 7.02800E+01 7.02800E+01 7.02800E+01 7.02800E+01 ];

TOT_BURNUP = [ 0.00000E+00 1.00001E-01 9.99947E-01 6.00020E+00 1.20002E+01 1.80003E+01 2.40002E+01 3.00003E+01 3.60003E+01 4.20003E+01 4.80004E+01 5.40004E+01 6.00003E+01 6.60004E+01 ];

TOT_ADENS = [
0.00000E+00 0.00000E+00 0.00000E+00 0.00000E+00 0.00000E+00 0.00000E+00 0.00000E+00 0.00000E+00 0.00000E+00 0.00000E+00 0.00000E+00 0.00000E+00 0.00000E+00 0.00000E+00 % lost data
6.41814E-02 6.41849E-02 6.42181E-02 6.44270E-02 6.46865E-02 6.49458E-02 6.52039E-02 6.54605E-02 6.57156E-02 6.59692E-02 6.62215E-02 6.64719E-02 6.67210E-02 6.69684E-02 % total
];

TOT_MASS = [
0.00000E+00 0.00000E+00 0.00000E+00 0.00000E+00 0.00000E+00 0.00000E+00 0.00000E+00 0.00000E+00 0.00000E+00 0.00000E+00 0.00000E+00 0.00000E+00 0.00000E+00 0.00000E+00 % lost data
9.48780E+02 9.48780E+02 9.48777E+02 9.48762E+02 9.48744E+02 9.48727E+02 9.48709E+02 9.48691E+02 9.48673E+02 9.48655E+02 9.48637E+02 9.48619E+02 9.48600E+02 9.48581E+02 % total
];

TOT_A = [
0.00000E+00 0.00000E+00 0.00000E+00 0.00000E+00 0.00000E+00 0.00000E+00 0.00000E+00 0.00000E+00 0.00000E+00 0.00000E+00 0.00000E+00 0.00000E+00 0.00000E+00 0.00000E+00 % lost data
6.07815E+13 1.54344E+15 1.64780E+15 1.69229E+15 1.69030E+15 1.68483E+15 1.67280E+15 1.66147E+15 1.65322E+15 1.64341E+15 1.63683E+15 1.62504E+15 1.62154E+15 1.61218E+15 % total
];

TOT_H = [
0.00000E+00 0.00000E+00 0.00000E+00 0.00000E+00 0.00000E+00 0.00000E+00 0.00000E+00 0.00000E+00 0.00000E+00 0.00000E+00 0.00000E+00 0.00000E+00 0.00000E+00 0.00000E+00 % lost data
7.56723E+00 4.05291E+02 4.34517E+02 4.64557E+02 4.64563E+02 4.62528E+02 4.59582E+02 4.56690E+02 4.54214E+02 4.51457E+02 4.49057E+02 4.46192E+02 4.44367E+02 4.41826E+02 % total
];

TOT_SF = [
0.00000E+00 0.00000E+00 0.00000E+00 0.00000E+00 0.00000E+00 0.00000E+00 0.00000E+00 0.00000E+00 0.00000E+00 0.00000E+00 0.00000E+00 0.00000E+00 0.00000E+00 0.00000E+00 % lost data
2.31538E+04 1.93645E+05 1.46735E+06 3.15159E+06 3.20177E+06 3.16803E+06 3.09404E+06 3.03244E+06 2.98584E+06 2.94079E+06 2.91607E+06 2.86680E+06 2.86191E+06 2.83144E+06 % total
];

TOT_GSRC = [
0.00000E+00 0.00000E+00 0.00000E+00 0.00000E+00 0.00000E+00 0.00000E+00 0.00000E+00 0.00000E+00 0.00000E+00 0.00000E+00 0.00000E+00 0.00000E+00 0.00000E+00 0.00000E+00 % lost data
4.86110E+12 1.61015E+15 1.67930E+15 1.68397E+15 1.68298E+15 1.68297E+15 1.67615E+15 1.66953E+15 1.66557E+15 1.65942E+15 1.65629E+15 1.64703E+15 1.64636E+15 1.63914E+15 % total
];

TOT_ING_TOX = [
0.00000E+00 0.00000E+00 0.00000E+00 0.00000E+00 0.00000E+00 0.00000E+00 0.00000E+00 0.00000E+00 0.00000E+00 0.00000E+00 0.00000E+00 0.00000E+00 0.00000E+00 0.00000E+00 % lost data
2.01477E+06 2.57814E+06 2.98063E+06 3.45900E+06 3.60808E+06 3.71610E+06 3.79596E+06 3.86305E+06 3.92036E+06 3.96453E+06 4.00259E+06 4.02225E+06 4.04457E+06 4.05026E+06 % total
];

TOT_INH_TOX = [
0.00000E+00 0.00000E+00 0.00000E+00 0.00000E+00 0.00000E+00 0.00000E+00 0.00000E+00 0.00000E+00 0.00000E+00 0.00000E+00 0.00000E+00 0.00000E+00 0.00000E+00 0.00000E+00 % lost data
9.65944E+08 9.83512E+08 1.10476E+09 1.30088E+09 1.35680E+09 1.39862E+09 1.42957E+09 1.45489E+09 1.47553E+09 1.49060E+09 1.50249E+09 1.50704E+09 1.51161E+09 1.50971E+09 % total
];

BU = [ 0.00000E+00 1.00000E-01 1.00000E+00 6.00000E+00 1.20000E+01 1.80000E+01 2.40000E+01 3.00000E+01 3.60000E+01 4.20000E+01 4.80000E+01 5.40000E+01 6.00000E+01 6.60000E+01 ];

DAYS = [ 0.00000E+00 1.33814E+01 1.33814E+02 8.02885E+02 1.60577E+03 2.40865E+03 3.21154E+03 4.01442E+03 4.81731E+03 5.62019E+03 6.42308E+03 7.22596E+03 8.02885E+03 8.83173E+03 ];
